0 -1.23207 3.04883 0.0873935 -0.99701 0.120518 2.6074 
0.01 -1.16126 2.94576 0.076433 -0.754826 0.116202 2.41142 
0.02 -1.06234 2.81732 0.0727918 -0.506437 0.116995 2.1941 
0.03 -0.937726 2.66477 0.0769277 -0.253667 0.123002 1.95739 
0.04 -0.789924 2.48969 0.0891713 0.00167699 0.134236 1.70347 
0.05 -0.621445 2.29393 0.109722 0.257817 0.150622 1.43477 
0.06 -0.435275 2.07961 0.138647 0.513016 0.171995 1.15392 
0.07 -0.234429 1.84905 0.175883 0.765594 0.198107 0.863703 
0.08 -0.0220174 1.6048 0.221237 1.01394 0.228633 0.567064 
0.09 0.198569 1.34956 0.274394 1.2565 0.263175 0.267034 
0.1 0.423867 1.08619 0.334921 1.49184 0.301278 -0.0332794 
0.11 0.650299 0.817616 0.402276 1.71858 0.342428 -0.33074 
0.12 0.874151 0.54687 0.475817 1.93547 0.386072 -0.622216 
0.13 1.09168 0.276991 0.554814 2.14134 0.431623 -0.90462 
0.14 1.29915 0.0110137 0.638463 2.33514 0.478476 -1.17495 
0.15 1.49285 -0.248076 0.725893 2.51593 0.526012 -1.43031 
0.16 1.66919 -0.497377 0.816185 2.68286 0.573618 -1.66798 
0.17 1.82481 -0.734114 0.908385 2.83522 0.620692 -1.88541 
0.18 1.95657 -0.955667 1.00152 2.9724 0.666658 -2.0803 
0.19 2.06172 -1.15961 1.0946 3.09389 0.710972 -2.25059 
0.2 2.13792 -1.34375 1.18666 3.19931 0.753136 -2.39449 
0.21 2.18331 -1.50614 1.27673 3.28836 0.792705 -2.51052 
0.22 2.19658 -1.64509 1.36391 3.36087 0.829292 -2.59755 
0.23 2.17697 -1.75925 1.44731 3.41675 0.86258 -2.65474 
0.24 2.12428 -1.84754 1.52612 3.45601 0.89232 -2.68165 
0.25 2.03884 -1.90923 1.59959 3.47875 0.918341 -2.67814 
0.26 1.92145 -1.94392 1.66703 3.48517 0.940546 -2.64447 
0.27 1.77334 -1.95151 1.72786 3.47554 0.958918 -2.58122 
0.28 1.59602 -1.93229 1.78158 3.45021 0.973516 -2.48932 
0.29 1.39127 -1.88682 1.82775 3.40963 0.984472 -2.37001 
0.3 1.16108 -1.81602 1.86608 3.35428 0.991989 -2.22488 
0.31 0.907626 -1.72109 1.89633 3.28475 0.996335 -2.05578 
0.32 0.633357 -1.60352 1.91837 3.20165 0.997837 -1.86483 
0.33 0.341031 -1.46507 1.93217 3.10568 0.99687 -1.65442 
0.34 0.0338005 -1.30777 1.93778 2.9976 0.993853 -1.42712 
0.35 -0.284733 -1.13383 1.93533 2.87818 0.989237 -1.18572 
0.36 -0.610517 -0.945691 1.92504 2.74829 0.983493 -0.933135 
0.37 -0.939109 -0.745922 1.90719 2.60881 0.977103 -0.6724 
0.38 -1.26579 -0.537228 1.88213 2.46067 0.970551 -0.406622 
0.39 -1.58575 -0.322397 1.85026 2.30484 0.964307 -0.138936 
0.4 -1.89423 -0.104259 1.81202 2.14232 0.958817 0.127533 
0.41 -2.1867 0.114347 1.76789 1.97414 0.954496 0.389711 
0.42 -2.45898 0.330618 1.71838 1.80135 0.951713 0.644621 
0.43 -2.70726 0.541818 1.664 1.62503 0.950782 0.889412 
0.44 -2.92817 0.745318 1.60527 1.44625 0.951956 1.12141 
0.45 -3.11875 0.93863 1.54271 1.26612 0.955419 1.33812 
0.46 -3.27643 1.11943 1.47682 1.08575 0.961275 1.53729 
0.47 -3.39904 1.2856 1.40809 0.906224 0.969551 1.71694 
0.48 -3.48477 1.43524 1.33697 0.728641 0.980184 1.87532 
0.49 -3.53218 1.56669 1.26387 0.554079 0.993029 2.01103 
0.5 -3.54018 1.67857 1.18918 0.383595 1.00785 2.12294 
0.51 -3.50807 1.76975 1.11323 0.218217 1.02434 2.21027 
0.52 -3.43553 1.83941 1.0363 0.0589379 1.04208 2.27255 
0.53 -3.32266 1.88703 0.958644 -0.0932938 1.0606 2.30964 
0.54 -3.16997 1.9124 0.880439 -0.23758 1.07935 2.32177 
0.55 -2.97842 1.91558 0.801832 -0.373083 1.09772 2.30944 
0.56 -2.74942 1.89697 0.722922 -0.499029 1.11505 2.27351 
0.57 -2.48481 1.85724 0.643764 -0.614723 1.13062 2.21512 
0.58 -2.18687 1.79735 0.564377 -0.719549 1.1437 2.13571 
0.59 -1.85827 1.71851 0.484748 -0.812982 1.15353 2.03697 
0.6 -1.50208 1.62221 0.404838 -0.89459 1.15934 1.92084 
0.61 -1.12172 1.51013 0.324592 -0.964045 1.16039 1.78948 
0.62 -0.720907 1.38417 0.243943 -1.02113 1.15594 1.6452 
0.63 -0.30363 1.24639 0.16282 -1.06572 1.14531 1.49048 
0.64 0.125908 1.09903 0.0811596 -1.09784 1.12785 1.32792 
0.65 0.563339 0.94439 -0.00108666 -1.1176 1.10298 1.16019 
0.66 1.00418 0.784886 -0.0839459 -1.12525 1.07023 0.989979 
0.67 1.4439 0.622966 -0.167415 -1.12114 1.02919 0.820011 
0.68 1.87795 0.461091 -0.251451 -1.10575 0.979562 0.652953 
0.69 2.30184 0.301701 -0.335968 -1.07968 0.921162 0.491406 
0.7 2.7112 0.147179 -0.420828 -1.04363 0.85393 0.337864 
0.71 3.1018 -0.000182877 -0.505839 -0.998412 0.777934 0.194674 
0.72 3.46963 -0.13821 -0.590747 -0.944932 0.693378 0.0640142 
0.73 3.81094 -0.264879 -0.675236 -0.884191 0.6006 -0.0521458 
0.74 4.12228 -0.378343 -0.758928 -0.81727 0.500079 -0.152065 
0.75 4.40054 -0.476956 -0.841378 -0.745319 0.392428 -0.234256 
0.76 4.64298 -0.559293 -0.922082 -0.669547 0.278397 -0.297506 
0.77 4.84727 -0.624174 -1.00047 -0.591208 0.158862 -0.340892 
0.78 5.01147 -0.670672 -1.07593 -0.511583 0.0348206 -0.363794 
0.79 5.13406 -0.698128 -1.14779 -0.431972 -0.0926179 -0.365899 
0.8 5.21392 -0.706161 -1.21534 -0.353672 -0.222246 -0.347209 
0.81 5.2503 -0.694667 -1.27782 -0.277962 -0.352768 -0.308041 
0.82 5.24278 -0.663824 -1.33448 -0.206089 -0.482821 -0.249017 
0.83 5.19127 -0.614087 -1.38453 -0.139248 -0.610984 -0.171063 
0.84 5.09589 -0.546185 -1.42718 -0.078567 -0.735804 -0.0753936 
0.85 4.957 -0.461108 -1.46167 -0.0250912 -0.855806 0.0365017 
0.86 4.77513 -0.360102 -1.48724 0.0202344 -0.969522 0.162876 
0.87 4.551 -0.244647 -1.50318 0.0565786 -1.0755 0.301744 
0.88 4.28552 -0.116451 -1.50883 0.0832382 -1.17235 0.450907 
0.89 3.97983 0.022578 -1.5036 0.0996506 -1.25873 0.607973 
0.9 3.63533 0.170346 -1.48695 0.105404 -1.33337 0.770389 
0.91 3.25362 0.324597 -1.45846 0.10025 -1.39514 0.935463 
0.92 2.83613 0.482938 -1.41781 0.0841048 -1.44301 1.1004 
0.93 2.38297 0.642865 -1.36478 0.0570616 -1.47609 1.26233 
0.94 1.89632 0.801779 -1.29927 0.0193895 -1.49367 1.41832 
0.95 1.43295 0.957017 -1.22134 -0.0284641 -1.49517 1.56544 
0.96 1.0447 1.10599 -1.13116 -0.0858751 -1.48025 1.70088 
0.97 0.612984 1.24666 -1.02906 -0.152046 -1.44873 1.82241 
0.98 0.275708 1.37641 -0.915524 -0.226015 -1.40063 1.92733 
0.99 -0.115135 1.49416 -0.791173 -0.306659 -1.3362 2.01447 
1 -0.430965 1.5973 -0.656783 -0.392713 -1.25588 2.08125 
1.01 -0.773432 1.68519 -0.513275 -0.482776 -1.16034 2.1271 
1.02 -0.62622 1.75587 -0.3617 -0.575331 -1.05042 2.15018 
1.03 -0.874924 1.81012 -0.203246 -0.668764 -0.927179 2.15149 
1.04 -1.11165 1.84644 -0.0392082 -0.761379 -0.791846 2.12977 
1.05 -1.32474 1.86574 0.129018 -0.851426 -0.645817 2.08625 
1.06 -1.51377 1.86701 0.299947 -0.937117 -0.49064 2.02032 
1.07 -1.67775 1.85029 0.472029 -1.01665 -0.32799 1.93243 
1.08 -1.8159 1.81574 0.643664 -1.08826 -0.159657 1.82323 
1.09 -1.92772 1.76373 0.813219 -1.15017 0.0124818 1.69364 
1.1 -2.01306 1.69485 0.979046 -1.20073 0.186483 1.5448 
1.11 -2.07207 1.60989 1.13951 -1.23834 0.36036 1.37813 
1.12 -2.10524 1.50984 1.29299 -1.26152 0.532111 1.19526 
1.13 -2.11332 1.39585 1.43794 -1.26893 0.699741 0.998012 
1.14 -2.0974 1.26926 1.57285 -1.2594 0.861294 0.788402 
1.15 -2.05878 1.13152 1.69633 -1.23193 1.01487 0.568597 
1.16 -1.99905 0.984223 1.80707 -1.18572 1.15866 0.340892 
1.17 -1.91997 0.829057 1.90391 -1.12021 1.29096 0.107678 
1.18 -1.82352 0.667787 1.98581 -1.03503 1.41021 -0.128584 
1.19 -1.71184 0.502227 2.05191 -0.93009 1.51498 -0.365394 
1.2 -1.58719 0.334227 2.1015 -0.805542 1.60405 -0.600247 
1.21 -1.45192 0.165636 2.13408 -0.661797 1.67637 -0.830663 
1.22 -1.30845 -0.00171206 2.1493 -0.499524 1.73109 -1.05421 
1.23 -1.15924 -0.166026 2.14705 -0.319656 1.7676 -1.26856 
1.24 -1.00673 -0.325578 2.12739 -0.123383 1.78551 -1.47146 
1.25 -0.853333 -0.478729 2.0906 0.0878576 1.78467 -1.66083 
1.26 -0.701407 -0.62394 2.03716 0.312389 1.76515 -1.83474 
1.27 -0.553204 -0.7598 1.96775 0.548312 1.72729 -1.99145 
1.28 -0.410854 -0.885034 1.88322 0.793519 1.67164 -2.12941 
1.29 -0.276344 -0.99852 1.78463 1.04572 1.599 -2.2473 
1.3 -0.151484 -1.0993 1.67319 1.30245 1.51038 -2.34405 
1.31 -0.0378964 -1.18659 1.55029 1.56113 1.40699 -2.41882 
1.32 0.0630089 -1.2598 1.41742 1.81905 1.29027 -2.47102 
1.33 0.150045 -1.31849 1.27623 2.07344 1.16179 -2.50033 
1.34 0.222261 -1.36243 1.12844 2.32146 1.0233 -2.50669 
1.35 0.278949 -1.39159 0.975879 2.56029 0.876683 -2.49029 
1.36 0.319649 -1.40608 0.8204 2.7871 0.723927 -2.45156 
1.37 0.344152 -1.40622 0.663904 2.99914 0.567099 -2.39121 
1.38 0.352495 -1.39247 0.508295 3.19372 0.408321 -2.31013 
1.39 0.344958 -1.36548 0.355456 3.3683 0.249743 -2.20947 
1.4 0.322054 -1.326 0.207226 3.52049 0.0935107 -2.09055 
1.41 0.284519 -1.27495 0.0653761 3.64807 -0.0582615 -1.95489 
1.42 0.233297 -1.21334 -0.0684178 3.74908 -0.20352 -1.80416 
1.43 0.169525 -1.14229 -0.192595 3.82175 -0.340302 -1.64015 
1.44 0.0945122 -1.06298 -0.305734 3.86464 -0.466757 -1.4648 
1.45 0.00971979 -0.97668 -0.406569 3.87656 -0.581179 -1.2801 
1.46 -0.08326 -0.88468 -0.494013 3.85665 -0.682027 -1.08811 
1.47 -0.182729 -0.7883 -0.567168 3.80438 -0.767947 -0.890934 
1.48 -0.286907 -0.688864 -0.625343 3.71956 -0.83779 -0.690676 
1.49 -0.393959 -0.58768 -0.668061 3.60236 -0.890634 -0.489421 
1.5 -0.502016 -0.486026 -0.695069 3.45327 -0.92579 -0.289212 
1.51 -0.609206 -0.385128 -0.706339 3.27317 -0.942818 -0.0920243 
1.52 -0.713676 -0.286147 -0.702074 3.06326 -0.941533 0.100257 
1.53 -0.813619 -0.190167 -0.682706 2.8251 -0.922007 0.285859 
1.54 -0.907293 -0.0981765 -0.648886 2.56057 -0.884573 0.463138 
1.55 -0.993047 -0.0110623 -0.601481 2.27185 -0.829816 0.630598 
1.56 -1.06934 0.0704022 -0.541561 1.96142 -0.758573 0.786908 
1.57 -1.13476 0.145564 -0.470389 1.632 -0.671916 0.930908 
1.58 -1.18805 0.213895 -0.389396 1.28658 -0.571146 1.06162 
1.59 -1.22809 0.274997 -0.300169 0.928315 -0.457768 1.17827 
1.6 -1.25397 0.3286 -0.204428 0.560559 -0.333478 1.28027 
1.61 -1.26492 0.374565 -0.104001 0.186782 -0.200138 1.36722 
1.62 -1.2604 0.412877 -0.000798032 -0.189448 -0.0597528 1.43893 
1.63 -1.24003 0.443645 0.103213 -0.564513 0.08556 1.4954 
1.64 -1.20365 0.46709 0.206035 -0.93478 0.233595 1.53681 
1.65 -1.1513 0.483541 0.305672 -1.29665 0.38209 1.56353 
1.66 -1.0832 0.493426 0.400155 -1.64658 0.528757 1.57607 
1.67 -0.99977 0.497256 0.487573 -1.98116 0.671313 1.57513 
1.68 -0.901599 0.495617 0.566099 -2.29713 0.807513 1.56151 
1.69 -0.789461 0.489156 0.634019 -2.5914 0.935178 1.53617 
1.7 -0.664287 0.478567 0.689756 -2.86112 1.05223 1.50014 
1.71 -0.527159 0.464578 0.731895 -3.10372 1.15671 1.45456 
1.72 -0.379288 0.447935 0.759208 -3.31688 1.24683 1.40064 
1.73 -0.222008 0.429388 0.770669 -3.49863 1.32096 1.33962 
1.74 -0.0567509 0.409681 0.765475 -3.64735 1.3777 1.27277 
1.75 0.114968 0.389531 0.743057 -3.76176 1.41585 1.20139 
1.76 0.291566 0.369623 0.703097 -3.84096 1.43447 1.12674 
1.77 0.471417 0.350592 0.645528 -3.88447 1.43287 1.05008 
1.78 0.652864 0.333017 0.570547 -3.89217 1.41062 0.972608 
1.79 0.834243 0.31741 0.478609 -3.86435 1.3676 0.895455 
1.8 1.0139 0.304204 0.37043 -3.80172 1.30392 0.819684 
1.81 1.1902 0.293755 0.246975 -3.70533 1.22002 0.746265 
1.82 1.36156 0.286327 0.109455 -3.57664 1.11657 0.676066 
1.83 1.52644 0.282097 -0.0406925 -3.41746 0.994559 0.609843 
1.84 1.6834 0.281149 -0.201814 -3.22992 0.855198 0.548234 
1.85 1.83106 0.283475 -0.372063 -3.01648 0.699958 0.491751 
1.86 1.96815 0.288977 -0.549423 -2.77985 0.530536 0.440779 
1.87 2.09351 0.29747 -0.73173 -2.52302 0.348837 0.395574 
1.88 2.20608 0.308687 -0.9167 -2.24916 0.156944 0.356263 
1.89 2.30496 0.322288 -1.10196 -1.96162 -0.0428976 0.322849 
1.9 2.38933 0.337861 -1.28507 -1.6639 -0.248318 0.295212 
1.91 2.45855 0.35494 -1.46358 -1.35955 -0.456847 0.273118 
1.92 2.51209 0.373006 -1.63502 -1.05219 -0.665951 0.256229 
1.93 2.54956 0.391505 -1.79698 -0.745431 -0.873058 0.244109 
1.94 2.57071 0.409854 -1.9471 -0.442834 -1.0756 0.236236 
1.95 2.57542 0.427455 -2.08314 -0.147874 -1.27104 0.232016 
1.96 2.5637 0.443709 -2.20298 0.136104 -1.4569 0.230795 
1.97 2.53569 0.458025 -2.30467 0.405931 -1.63082 0.23187 
1.98 2.49166 0.469831 -2.38644 0.658648 -1.79056 0.234509 
1.99 2.43196 0.47859 -2.44674 0.891542 -1.93402 0.237959 
