0 0.0458096 -0.0375615 -0.269059 0.0169686 0.0571336 -0.0206993 -0.0300125 -0.012559 -0.0123178 0.00664012 -0.00735837 0.0217457 
0.01 -0.360956 -0.00472872 -0.523603 0.0334491 0.109617 -0.0409898 -0.0594837 -0.0251752 -0.0243647 0.0131233 -0.0141935 0.0435278 
0.02 -0.685407 0.0227945 -0.683863 0.0439539 0.13619 -0.0594148 -0.0834595 -0.0381673 -0.0360403 0.0193325 -0.0202671 0.0651738 
0.03 -0.86926 0.0417515 -0.733288 0.0478122 0.132448 -0.0757982 -0.100437 -0.0515929 -0.0472446 0.0251533 -0.0253402 0.0865151 
0.04 -0.878019 0.0502224 -0.666368 0.0449125 0.097102 -0.0901242 -0.109733 -0.0654664 -0.0578889 0.0304761 -0.0291978 0.107389 
0.05 -0.714254 0.0483693 -0.500641 0.0361014 0.0351301 -0.102644 -0.112208 -0.0797312 -0.0678964 0.0351963 -0.0316496 0.127642 
0.06 -0.412573 0.0383483 -0.269872 0.0235268 -0.044137 -0.113957 -0.109887 -0.0942444 -0.0771974 0.0392164 -0.0325212 0.14713 
0.07 -0.0316476 0.023623 -0.0177848 0.00977906 -0.12875 -0.124779 -0.105559 -0.108827 -0.085735 0.0424468 -0.0316655 0.165721 
0.08 0.353784 0.00854317 0.202958 -0.00216701 -0.204472 -0.135927 -0.10263 -0.12327 -0.0934642 0.0448065 -0.0289628 0.183299 
0.09 0.672104 -0.00267661 0.352873 -0.00994926 -0.260652 -0.148047 -0.103845 -0.137397 -0.100351 0.0462246 -0.0243181 0.199762 
0.1 0.863762 -0.00654877 0.403147 -0.0118749 -0.289614 -0.161604 -0.111296 -0.151071 -0.106376 0.0466408 -0.0176673 0.215025 
0.11 0.893696 -0.00099893 0.343665 -0.00735996 -0.288784 -0.176761 -0.125892 -0.164227 -0.111533 0.0460059 -0.00897701 0.229023 
0.12 0.757181 0.0143195 0.185258 0.00302693 -0.261249 -0.193369 -0.147175 -0.176874 -0.115826 0.0442827 0.00175563 0.241709 
0.13 0.479866 0.0379789 -0.0435741 0.0176562 -0.214849 -0.210994 -0.173482 -0.189094 -0.119279 0.0414461 0.0145003 0.253054 
0.14 0.113607 0.0670129 -0.300768 0.0340814 -0.161033 -0.228986 -0.202185 -0.201028 -0.121924 0.0374837 0.0291939 0.263052 
0.15 -0.273629 0.0974877 -0.539711 0.0495798 -0.112418 -0.246622 -0.230242 -0.212843 -0.123812 0.0323954 0.0457413 0.271714 
0.16 -0.609561 0.125157 -0.716387 0.0615264 -0.0808385 -0.263212 -0.254682 -0.224703 -0.125005 0.0261938 0.0640151 0.279071 
0.17 -0.831037 0.146245 -0.797975 0.067913 -0.0750356 -0.278236 -0.273173 -0.236742 -0.125577 0.0189035 0.0838578 0.285174 
0.18 -0.895648 0.158146 -0.769117 0.0677424 -0.0989864 -0.291446 -0.284462 -0.249028 -0.125616 0.0105612 0.105084 0.290091 
0.19 -0.78961 0.159906 -0.63465 0.0612045 -0.151191 -0.302921 -0.288603 -0.261557 -0.12522 0.00121483 0.127481 0.293907 
0.2 -0.530965 0.152473 -0.419432 0.0497102 -0.224752 -0.313062 -0.286983 -0.274242 -0.124495 -0.00907688 0.150817 0.296721 
0.21 -0.166993 0.138596 -0.164222 0.0356842 -0.308522 -0.322546 -0.282101 -0.286929 -0.123555 -0.0202454 0.174839 0.298649 
0.22 0.233527 0.122413 0.0811423 0.0221748 -0.388966 -0.33221 -0.277147 -0.299417 -0.122519 -0.0322134 0.199282 0.299816 
0.23 0.592484 0.108749 0.266895 0.0123079 -0.452648 -0.342908 -0.275425 -0.311494 -0.12151 -0.0448952 0.223872 0.300357 
0.24 0.837163 0.102215 0.353147 0.00866494 -0.488882 -0.355338 -0.279703 -0.322977 -0.120651 -0.0581987 0.248328 0.300417 
0.25 0.915109 0.10624 0.318557 0.0126937 -0.492058 -0.36989 -0.291627 -0.333752 -0.120064 -0.072026 0.272371 0.300144 
0.26 0.806299 0.122236 0.166171 0.0242751 -0.463198 -0.386522 -0.311291 -0.343803 -0.119869 -0.0862749 0.295726 0.29969 
0.27 0.529482 0.149086 -0.0755646 0.0415865 -0.410196 -0.404733 -0.337114 -0.353228 -0.120181 -0.10084 0.318124 0.299209 
0.28 0.140452 0.18315 -0.357451 0.0613448 -0.346516 -0.423625 -0.366081 -0.362225 -0.121112 -0.115614 0.339307 0.298853 
0.29 -0.278458 0.218886 -0.619576 0.0794415 -0.28845 -0.442079 -0.39434 -0.371057 -0.122764 -0.13049 0.35903 0.298769 
0.3 -0.636003 0.249991 -0.804732 0.0918529 -0.251459 -0.459006 -0.418057 -0.37999 -0.125234 -0.14536 0.377061 0.299101 
0.31 -0.852805 0.270835 -0.871927 0.0956007 -0.246523 -0.473604 -0.434312 -0.389235 -0.128611 -0.160121 0.393187 0.299981 
0.32 -0.880107 0.277818 -0.806442 0.0895064 -0.277443 -0.48556 -0.441797 -0.398895 -0.132974 -0.17467 0.407211 0.301535 
0.33 -0.711536 0.270271 -0.623582 0.0745072 -0.339871 -0.495135 -0.441148 -0.408935 -0.138392 -0.188912 0.41896 0.303875 
0.34 -0.384734 0.250643 -0.36506 0.0534368 -0.422339 -0.503102 -0.434789 -0.419196 -0.144923 -0.202756 0.428285 0.3071 
0.35 0.0276508 0.223907 -0.0889138 0.0303194 -0.50904 -0.51055 -0.426347 -0.42943 -0.152611 -0.216117 0.435067 0.311294 
0.36 0.435368 0.196325 0.144431 0.00937004 -0.583625 -0.518609 -0.419782 -0.439366 -0.161485 -0.228919 0.439218 0.316523 
0.37 0.751828 0.173926 0.286239 -0.00601733 -0.633025 -0.528181 -0.418457 -0.448773 -0.171556 -0.241095 0.440689 0.322839 
0.38 0.91358 0.161103 0.309936 -0.0140069 -0.650259 -0.539736 -0.424404 -0.457519 -0.18282 -0.252587 0.439466 0.330274 
0.39 0.892925 0.159746 0.215278 -0.0145894 -0.635519 -0.553247 -0.437972 -0.465584 -0.195252 -0.263346 0.435578 0.33884 
0.4 0.700916 0.169074 0.0257735 -0.00936042 -0.595418 -0.568255 -0.45791 -0.473063 -0.20881 -0.273335 0.429092 0.348534 
0.41 0.381301 0.186121 -0.218876 -0.000954993 -0.540894 -0.58402 -0.4818 -0.480124 -0.223436 -0.282527 0.420111 0.35933 
0.42 -0.00152634 0.206634 -0.472361 0.00763518 -0.48458 -0.599715 -0.506656 -0.486969 -0.239053 -0.290905 0.408776 0.371188 
0.43 -0.376673 0.226067 -0.690782 0.0136728 -0.438356 -0.614588 -0.52953 -0.493795 -0.255573 -0.298464 0.395258 0.384047 
0.44 -0.679775 0.240448 -0.839631 0.0151144 -0.411479 -0.628082 -0.548 -0.500755 -0.272892 -0.305209 0.379757 0.397833 
0.45 -0.86297 0.246992 -0.898204 0.0108533 -0.409411 -0.639897 -0.5605 -0.507946 -0.290895 -0.311157 0.362499 0.412454 
0.46 -0.900937 0.244415 -0.861436 0.00078083 -0.433367 -0.650005 -0.566483 -0.5154 -0.309459 -0.316333 0.343732 0.427804 
0.47 -0.792808 0.232966 -0.739298 -0.0143067 -0.480501 -0.658624 -0.566412 -0.523088 -0.328451 -0.320773 0.323723 0.443767 
0.48 -0.560305 0.214233 -0.554142 -0.0329168 -0.544658 -0.666156 -0.561616 -0.53093 -0.347729 -0.324521 0.302753 0.460215 
0.49 -0.242784 0.190771 -0.336517 -0.053142 -0.617513 -0.673115 -0.554025 -0.538816 -0.36715 -0.327628 0.281119 0.477011 
0.5 0.109781 0.16565 -0.120191 -0.0729656 -0.689927 -0.680042 -0.545854 -0.546626 -0.386561 -0.330156 0.259125 0.494012 
0.51 0.444717 0.141972 0.0628637 -0.0905483 -0.753301 -0.687428 -0.539265 -0.554245 -0.40581 -0.332169 0.237085 0.511071 
0.52 0.714279 0.122453 0.186813 -0.104461 -0.800735 -0.695653 -0.536071 -0.561586 -0.424742 -0.333738 0.215313 0.528038 
0.53 0.881966 0.109082 0.235109 -0.113836 -0.827867 -0.704945 -0.537508 -0.568594 -0.443203 -0.334939 0.194126 0.544763 
0.54 0.926809 0.102926 0.202154 -0.11844 -0.8333 -0.71536 -0.544105 -0.575258 -0.461039 -0.33585 0.173835 0.561099 
0.55 0.845277 0.104058 0.0934106 -0.118651 -0.818618 -0.726795 -0.555654 -0.581606 -0.4781 -0.336552 0.154747 0.576902 
0.56 0.650814 0.111619 -0.0758659 -0.115377 -0.788022 -0.739005 -0.57128 -0.587702 -0.494244 -0.337124 0.137157 0.592037 
0.57 0.371285 0.123977 -0.283015 -0.10991 -0.747678 -0.751643 -0.589581 -0.593638 -0.509331 -0.337648 0.121343 0.606374 
0.58 0.0448324 0.138976 -0.501106 -0.103754 -0.704863 -0.764313 -0.608827 -0.599521 -0.523234 -0.338203 0.10757 0.619795 
0.59 -0.285295 0.154212 -0.702422 -0.0984365 -0.667022 -0.776611 -0.627193 -0.605464 -0.535832 -0.338865 0.0960771 0.632195 
0.6 -0.576274 0.167337 -0.861904 -0.0953252 -0.640844 -0.788184 -0.642984 -0.611569 -0.54702 -0.339707 0.0870825 0.643482 
0.61 -0.790997 0.176331 -0.960177 -0.0954743 -0.631451 -0.798762 -0.654845 -0.617918 -0.556702 -0.340796 0.0807754 0.653579 
0.62 -0.902526 0.179733 -0.985827 -0.0995064 -0.641799 -0.808197 -0.661923 -0.624565 -0.5648 -0.342194 0.0773159 0.662424 
0.63 -0.897248 0.176802 -0.936696 -0.107548 -0.672336 -0.816473 -0.663965 -0.631534 -0.571248 -0.343958 0.0768326 0.669975 
0.64 -0.776378 0.167592 -0.820042 -0.119225 -0.720973 -0.823711 -0.661348 -0.63881 -0.575998 -0.346135 0.0794204 0.676205 
0.65 -0.555655 0.15293 -0.65157 -0.133712 -0.78336 -0.830151 -0.655023 -0.64635 -0.579018 -0.348766 0.0851396 0.681105 
0.66 -0.263299 0.134308 -0.453441 -0.149839 -0.853429 -0.836127 -0.646402 -0.654084 -0.580296 -0.351884 0.0940153 0.684688 
0.67 0.0635429 0.113697 -0.251515 -0.166236 -0.924146 -0.842025 -0.637179 -0.661926 -0.579833 -0.35551 0.106037 0.68698 
0.68 0.383395 0.0933097 -0.0721658 -0.181497 -0.988374 -0.848236 -0.629127 -0.669784 -0.577652 -0.35966 0.121157 0.688028 
0.69 0.655557 0.0753263 0.0609549 -0.194353 -1.03974 -0.855115 -0.623879 -0.677573 -0.573792 -0.364338 0.139296 0.687896 
0.7 0.845096 0.0616359 0.129825 -0.203826 -1.07342 -0.862935 -0.622734 -0.685223 -0.568307 -0.36954 0.160337 0.686663 
0.71 0.927161 0.0536015 0.124303 -0.209352 -1.08674 -0.871854 -0.626491 -0.69269 -0.561271 -0.375251 0.184132 0.684423 
0.72 0.890133 0.0518833 0.0434919 -0.210866 -1.07952 -0.881896 -0.635355 -0.699961 -0.552773 -0.38145 0.210504 0.681284 
0.73 0.737285 0.0563339 -0.103945 -0.20883 -1.05415 -0.892941 -0.648892 -0.707056 -0.542915 -0.388106 0.239244 0.677366 
0.74 0.486765 0.0659757 -0.30053 -0.204212 -1.01541 -0.904734 -0.666072 -0.714029 -0.531814 -0.395178 0.270121 0.672799 
0.75 0.169884 0.0790644 -0.521764 -0.198405 -0.96992 -0.916901 -0.685371 -0.720964 -0.5196 -0.402622 0.30288 0.667723 
0.76 -0.172193 0.0932342 -0.738819 -0.19311 -0.925463 -0.928988 -0.70494 -0.727963 -0.506413 -0.410383 0.337244 0.662281 
0.77 -0.493119 0.105722 -0.921946 -0.190159 -0.89003 -0.940506 -0.722822 -0.735143 -0.492403 -0.418402 0.372923 0.656623 
0.78 -0.74703 0.113654 -1.04433 -0.191314 -0.870794 -0.950984 -0.737204 -0.742614 -0.477727 -0.426614 0.409613 0.650901 
0.79 -0.894748 0.114388 -1.08601 -0.198038 -0.873054 -0.960032 -0.746676 -0.750472 -0.462549 -0.434952 0.447001 0.645266 
0.8 -0.909844 0.105878 -1.0374 -0.211264 -0.89929 -0.967401 -0.750475 -0.758779 -0.447038 -0.443343 0.484765 0.639867 
0.81 -0.783794 0.087035 -0.901924 -0.231181 -0.94847 -0.973045 -0.748668 -0.76755 -0.431365 -0.451713 0.522585 0.634848 
0.82 -0.52935 0.0580337 -0.697091 -0.257079 -1.01576 -0.977156 -0.742248 -0.776742 -0.415704 -0.459987 0.560136 0.630347 
0.83 -0.181266 0.020519 -0.453715 -0.287275 -1.09277 -0.980189 -0.733105 -0.786248 -0.400229 -0.468091 0.597098 0.626495 
0.84 0.206231 -0.0223571 -0.212862 -0.319174 -1.16836 -0.98284 -0.723848 -0.795901 -0.385115 -0.47595 0.633153 0.62341 
0.85 0.565544 -0.0661196 -0.0206094 -0.349491 -1.23011 -0.98599 -0.717486 -0.805483 -0.370533 -0.483493 0.667991 0.621199 
0.86 0.825197 -0.105434 0.0791507 -0.374667 -1.26622 -0.990588 -0.716972 -0.814756 -0.356653 -0.490651 0.701307 0.619956 
0.87 0.922221 -0.134896 0.0533844 -0.391507 -1.2679 -0.997481 -0.724641 -0.823496 -0.343644 -0.497359 0.732806 0.619758 
0.88 0.816543 -0.150177 -0.110593 -0.398051 -1.23189 -1.00718 -0.741584 -0.831552 -0.331668 -0.50356 0.762203 0.620668 
0.89 0.506136 -0.149515 -0.39581 -0.394641 -1.16298 -1.01957 -0.767026 -0.838913 -0.320883 -0.509199 0.789223 0.622729 
0.9 0.0407905 -0.135412 -0.748127 -0.385024 -1.07598 -1.0336 -0.797802 -0.845784 -0.311442 -0.514232 0.813607 0.625968 
0.91 -0.469086 -0.116152 -1.07276 -0.377202 -0.996685 -1.04711 -0.828083 -0.852639 -0.303489 -0.518619 0.835113 0.630391 
0.92 -0.853588 -0.106383 -1.23588 -0.383609 -0.96128 -1.0567 -0.849466 -0.860242 -0.297157 -0.522333 0.853519 0.635987 
0.93 -0.898731 -0.125616 -1.06774 -0.420118 -1.01534 -1.05811 -0.851317 -0.86958 -0.292575 -0.525352 0.868615 0.642723 
0.94 -0.420831 -0.187618 -0.44819 -0.491961 -1.19094 -1.0499 -0.825695 -0.881071 -0.289876 -0.527668 0.880176 0.650548 
0.95 0.186954 -0.246782 -0.36391 -0.496115 -1.22806 -1.05926 -0.823582 -0.889335 -0.289306 -0.529279 0.887742 0.659391 
0.96 0.471798 -0.27015 -0.561815 -0.48802 -1.18383 -1.07252 -0.838712 -0.896559 -0.290003 -0.530197 0.893184 0.669162 
0.97 0.858511 -0.293714 -0.62852 -0.484047 -1.1751 -1.08446 -0.846937 -0.903913 -0.292909 -0.53044 0.894561 0.679764 
0.98 0.859302 -0.287824 -0.723821 -0.491041 -1.15345 -1.09383 -0.861341 -0.911397 -0.296467 -0.530039 0.895207 0.691075 
0.99 0.984212 -0.278269 -0.779878 -0.488868 -1.14684 -1.10517 -0.87276 -0.918368 -0.30239 -0.529028 0.891537 0.702974 
1 0.946843 -0.267367 -0.769673 -0.513276 -1.15505 -1.1095 -0.882949 -0.926566 -0.308822 -0.527455 0.887512 0.715322 
1.01 0.877858 -0.235739 -0.825396 -0.507601 -1.14742 -1.12158 -0.896823 -0.933089 -0.317133 -0.525369 0.880263 0.727983 
1.02 2.37818 -0.623547 2.60644 -1.40022 -2.05698 -0.897136 -0.728141 -0.986818 -0.326298 -0.522831 0.871974 0.740809 
1.03 2.43168 -0.633777 2.6081 -1.40226 -2.06728 -0.90619 -0.737895 -0.994228 -0.33469 -0.519903 0.866084 0.753657 
1.04 2.4441 -0.633463 2.61847 -1.40599 -2.07809 -0.915188 -0.747584 -1.00164 -0.34441 -0.516634 0.85818 0.766425 
1.05 2.46316 -0.635153 2.62833 -1.40988 -2.08882 -0.924011 -0.757316 -1.00909 -0.354699 -0.513114 0.849847 0.778934 
1.06 2.4814 -0.636697 2.63754 -1.41355 -2.09951 -0.932759 -0.767058 -1.01655 -0.365835 -0.509394 0.840499 0.791097 
1.07 2.49887 -0.638124 2.6462 -1.41708 -2.11018 -0.941415 -0.776785 -1.02406 -0.377631 -0.505554 0.830514 0.802781 
1.08 2.51557 -0.639438 2.6543 -1.42047 -2.12083 -0.949984 -0.786472 -1.03161 -0.389983 -0.501664 0.820084 0.81388 
1.09 2.53148 -0.640643 2.66184 -1.42373 -2.13148 -0.958471 -0.796098 -1.03922 -0.402784 -0.497799 0.80941 0.824294 
1.1 2.5466 -0.641743 2.66881 -1.42685 -2.14212 -0.966882 -0.805641 -1.0469 -0.415924 -0.494033 0.798683 0.833935 
1.11 2.56093 -0.642743 2.67521 -1.42986 -2.15274 -0.975224 -0.815081 -1.05464 -0.429294 -0.490437 0.78809 0.842726 
1.12 2.57447 -0.643646 2.68103 -1.43275 -2.16336 -0.983505 -0.824397 -1.06246 -0.442787 -0.487081 0.777806 0.850607 
1.13 2.58721 -0.644457 2.68627 -1.43553 -2.17395 -0.991733 -0.833571 -1.07037 -0.456299 -0.484034 0.767994 0.857529 
1.14 2.59914 -0.645181 2.69093 -1.4382 -2.18452 -0.999917 -0.842587 -1.07838 -0.469729 -0.481359 0.758804 0.86346 
1.15 2.61027 -0.645822 2.695 -1.44079 -2.19506 -1.00807 -0.851428 -1.08647 -0.482983 -0.479115 0.75037 0.868385 
1.16 2.62058 -0.646383 2.69849 -1.44328 -2.20556 -1.01619 -0.860081 -1.09466 -0.495972 -0.477359 0.742809 0.872303 
1.17 2.63008 -0.646868 2.7014 -1.44569 -2.21601 -1.0243 -0.868534 -1.10296 -0.508614 -0.476138 0.736219 0.875228 
1.18 2.63877 -0.647279 2.70372 -1.44803 -2.2264 -1.0324 -0.876778 -1.11135 -0.520836 -0.475498 0.73068 0.877192 
1.19 2.64663 -0.64762 2.70547 -1.45031 -2.23672 -1.0405 -0.884804 -1.11983 -0.532573 -0.475474 0.726251 0.878239 
1.2 2.65367 -0.647892 2.70663 -1.45252 -2.24695 -1.04861 -0.892607 -1.12841 -0.543768 -0.4761 0.72297 0.87843 
1.21 2.65989 -0.648098 2.70723 -1.45469 -2.25708 -1.05674 -0.900183 -1.13708 -0.554378 -0.477398 0.720858 0.877838 
1.22 2.66529 -0.648239 2.70725 -1.45681 -2.26711 -1.0649 -0.907532 -1.14583 -0.564364 -0.479385 0.719912 0.876546 
1.23 2.66985 -0.648316 2.70671 -1.4589 -2.27701 -1.07309 -0.914653 -1.15465 -0.573702 -0.482073 0.72011 0.87465 
1.24 2.67358 -0.648329 2.70562 -1.46096 -2.28678 -1.08132 -0.921551 -1.16353 -0.582377 -0.485463 0.721415 0.872255 
1.25 2.67649 -0.64828 2.70396 -1.46299 -2.29641 -1.08959 -0.928229 -1.17246 -0.590383 -0.489554 0.723767 0.869472 
1.26 2.67856 -0.648169 2.70176 -1.46501 -2.30588 -1.09791 -0.934696 -1.18142 -0.597724 -0.494334 0.727094 0.866419 
1.27 2.6798 -0.647996 2.69901 -1.46701 -2.31519 -1.10628 -0.940961 -1.19041 -0.604416 -0.499787 0.731305 0.863217 
1.28 2.68021 -0.647761 2.69573 -1.469 -2.32432 -1.11469 -0.947033 -1.1994 -0.610482 -0.50589 0.736299 0.859988 
1.29 2.67978 -0.647463 2.69191 -1.471 -2.33328 -1.12316 -0.952927 -1.20838 -0.615953 -0.512615 0.741962 0.856857 
1.3 2.67852 -0.647103 2.68756 -1.47299 -2.34204 -1.13168 -0.958656 -1.21733 -0.62087 -0.519928 0.74817 0.853943 
1.31 2.67643 -0.646679 2.68269 -1.47498 -2.35062 -1.14024 -0.964235 -1.22622 -0.625279 -0.527793 0.754793 0.851363 
1.32 2.67351 -0.646192 2.6773 -1.47698 -2.359 -1.14885 -0.969681 -1.23505 -0.629234 -0.536166 0.761694 0.849229 
1.33 2.66976 -0.64564 2.6714 -1.47899 -2.36718 -1.1575 -0.975011 -1.24379 -0.632793 -0.545002 0.768735 0.847645 
1.34 2.66517 -0.645023 2.66498 -1.481 -2.37517 -1.16619 -0.980243 -1.25241 -0.636019 -0.554252 0.775776 0.846704 
1.35 2.65976 -0.64434 2.65806 -1.48303 -2.38296 -1.1749 -0.985396 -1.2609 -0.638978 -0.563866 0.782678 0.84649 
1.36 2.65352 -0.64359 2.65063 -1.48507 -2.39055 -1.18364 -0.990488 -1.26925 -0.641738 -0.573792 0.789306 0.847074 
1.37 2.64646 -0.642774 2.6427 -1.48712 -2.39795 -1.19238 -0.995539 -1.27742 -0.644369 -0.583977 0.795531 0.848515 
1.38 2.63857 -0.64189 2.63427 -1.48918 -2.40516 -1.20114 -1.00057 -1.2854 -0.646941 -0.594366 0.801231 0.850857 
1.39 2.62986 -0.640939 2.62535 -1.49124 -2.4122 -1.20989 -1.00559 -1.29318 -0.649523 -0.604908 0.806293 0.854127 
1.4 2.62034 -0.639919 2.61592 -1.49332 -2.41906 -1.21863 -1.01062 -1.30074 -0.652182 -0.615549 0.810615 0.85834 
1.41 2.61 -0.638832 2.606 -1.4954 -2.42576 -1.22735 -1.01569 -1.30805 -0.654982 -0.626239 0.814108 0.863493 
1.42 2.59885 -0.637677 2.59558 -1.49749 -2.4323 -1.23604 -1.0208 -1.31512 -0.657983 -0.636929 0.816697 0.869567 
1.43 2.58689 -0.636456 2.58467 -1.49958 -2.4387 -1.2447 -1.02596 -1.32192 -0.661241 -0.647573 0.818321 0.876528 
1.44 2.57413 -0.635168 2.57326 -1.50167 -2.44496 -1.25331 -1.0312 -1.32845 -0.664807 -0.658128 0.818934 0.884325 
1.45 2.56057 -0.633816 2.56135 -1.50376 -2.4511 -1.26186 -1.03652 -1.3347 -0.668725 -0.668552 0.818507 0.892895 
1.46 2.54621 -0.632399 2.54895 -1.50584 -2.45712 -1.27035 -1.04193 -1.34067 -0.673032 -0.67881 0.817027 0.90216 
1.47 2.53105 -0.630921 2.53605 -1.50792 -2.46305 -1.27878 -1.04744 -1.34635 -0.677759 -0.688868 0.814498 0.912029 
1.48 2.51512 -0.629383 2.52265 -1.50999 -2.46888 -1.28713 -1.05306 -1.35174 -0.682929 -0.698697 0.810941 0.922398 
1.49 2.4984 -0.627788 2.50875 -1.51205 -2.47464 -1.29541 -1.05878 -1.35685 -0.688557 -0.708272 0.806391 0.933157 
1.5 2.4809 -0.626136 2.49435 -1.5141 -2.48033 -1.3036 -1.06462 -1.36169 -0.69465 -0.717573 0.800901 0.944184 
1.51 2.46263 -0.624432 2.47945 -1.51612 -2.48596 -1.31171 -1.07057 -1.36625 -0.701206 -0.726583 0.794537 0.955353 
1.52 2.44359 -0.622678 2.46405 -1.51814 -2.49154 -1.31974 -1.07663 -1.37055 -0.708217 -0.735288 0.787378 0.966531 
1.53 2.42379 -0.620875 2.44814 -1.52013 -2.49708 -1.32768 -1.08279 -1.37461 -0.715666 -0.74368 0.779517 0.977584 
1.54 2.40324 -0.619028 2.43174 -1.5221 -2.50259 -1.33554 -1.08905 -1.37843 -0.723527 -0.751755 0.771057 0.988377 
1.55 2.38194 -0.617138 2.41484 -1.52404 -2.50808 -1.34332 -1.09541 -1.38204 -0.731768 -0.75951 0.762112 0.998776 
1.56 2.3599 -0.615208 2.39743 -1.52597 -2.51355 -1.35103 -1.10185 -1.38545 -0.740351 -0.766948 0.752801 1.00865 
1.57 2.33713 -0.613241 2.37953 -1.52786 -2.519 -1.35866 -1.10836 -1.38869 -0.74923 -0.774072 0.743252 1.01787 
1.58 2.31362 -0.611238 2.36113 -1.52973 -2.52444 -1.36623 -1.11494 -1.39178 -0.758354 -0.780891 0.733597 1.02633 
1.59 2.2894 -0.609201 2.34224 -1.53157 -2.52987 -1.37375 -1.12157 -1.39474 -0.767667 -0.787414 0.723968 1.0339 
1.6 2.26446 -0.607133 2.32287 -1.53337 -2.53529 -1.38122 -1.12824 -1.3976 -0.777108 -0.793653 0.7145 1.0405 
1.61 2.23882 -0.605034 2.303 -1.53515 -2.54069 -1.38865 -1.13493 -1.40039 -0.786614 -0.799621 0.705327 1.04603 
1.62 2.21248 -0.602905 2.28266 -1.53689 -2.54609 -1.39606 -1.14164 -1.40313 -0.796117 -0.805333 0.69658 1.05043 
1.63 2.18545 -0.600748 2.26184 -1.5386 -2.55147 -1.40345 -1.14834 -1.40586 -0.805549 -0.810803 0.688384 1.05363 
1.64 2.15773 -0.598563 2.24056 -1.54027 -2.55682 -1.41084 -1.15503 -1.40859 -0.81484 -0.816048 0.680858 1.0556 
1.65 2.12935 -0.59635 2.21881 -1.54191 -2.56215 -1.41823 -1.16168 -1.41137 -0.823921 -0.821083 0.674116 1.0563 
1.66 2.1003 -0.59411 2.19661 -1.54351 -2.56745 -1.42565 -1.1683 -1.41421 -0.832722 -0.825924 0.668259 1.05573 
1.67 2.0706 -0.591841 2.17397 -1.54508 -2.5727 -1.4331 -1.17487 -1.41715 -0.841177 -0.830585 0.663379 1.05389 
1.68 2.04025 -0.589544 2.15089 -1.54661 -2.5779 -1.4406 -1.18137 -1.4202 -0.849219 -0.835082 0.659558 1.05081 
1.69 2.00927 -0.587218 2.12739 -1.5481 -2.58304 -1.44815 -1.1878 -1.4234 -0.856789 -0.839428 0.656864 1.04654 
1.7 1.97766 -0.584862 2.10347 -1.54956 -2.58811 -1.45578 -1.19415 -1.42677 -0.863827 -0.843634 0.655352 1.04113 
1.71 1.94543 -0.582475 2.07915 -1.55098 -2.5931 -1.46348 -1.20042 -1.43033 -0.87028 -0.847711 0.655063 1.03465 
1.72 1.91259 -0.580055 2.05443 -1.55236 -2.598 -1.47127 -1.2066 -1.43409 -0.876102 -0.851669 0.656025 1.0272 
1.73 1.87916 -0.577601 2.02934 -1.5537 -2.6028 -1.47917 -1.21269 -1.43808 -0.881248 -0.855515 0.658252 1.01888 
1.74 1.84514 -0.575112 2.00388 -1.555 -2.60748 -1.48716 -1.21869 -1.44232 -0.885685 -0.859255 0.661743 1.00981 
1.75 1.81055 -0.572584 1.97807 -1.55627 -2.61203 -1.49528 -1.2246 -1.44681 -0.889383 -0.862894 0.666483 1.0001 
1.76 1.77539 -0.570017 1.95191 -1.55749 -2.61645 -1.50351 -1.23042 -1.45156 -0.89232 -0.866435 0.672445 0.989898 
1.77 1.73968 -0.567408 1.92543 -1.55867 -2.62072 -1.51187 -1.23617 -1.45658 -0.894481 -0.869878 0.679588 0.979344 
1.78 1.70342 -0.564754 1.89863 -1.55981 -2.62484 -1.52035 -1.24186 -1.46188 -0.89586 -0.873225 0.687858 0.968585 
1.79 1.66664 -0.562053 1.87154 -1.56091 -2.62879 -1.52896 -1.24748 -1.46745 -0.896456 -0.876475 0.697193 0.957771 
1.8 1.62933 -0.559301 1.84415 -1.56196 -2.63257 -1.5377 -1.25307 -1.4733 -0.896278 -0.879625 0.707519 0.947053 
1.81 1.59151 -0.556496 1.8165 -1.56297 -2.63616 -1.54657 -1.25862 -1.47942 -0.89534 -0.882672 0.718752 0.936582 
1.82 1.55319 -0.553634 1.78859 -1.56393 -2.63957 -1.55556 -1.26417 -1.48581 -0.893666 -0.885614 0.730803 0.926505 
1.83 1.51439 -0.550711 1.76043 -1.56483 -2.64277 -1.56467 -1.26972 -1.49246 -0.891284 -0.888447 0.743574 0.916964 
1.84 1.47511 -0.547723 1.73205 -1.56569 -2.64578 -1.57389 -1.2753 -1.49934 -0.888231 -0.891167 0.756964 0.908092 
1.85 1.43538 -0.544666 1.70344 -1.56649 -2.64859 -1.58322 -1.28093 -1.50646 -0.884549 -0.893772 0.770866 0.900016 
1.86 1.39519 -0.541535 1.67463 -1.56723 -2.65119 -1.59265 -1.28663 -1.5138 -0.880287 -0.896257 0.785174 0.892848 
1.87 1.35456 -0.538326 1.64563 -1.56791 -2.65358 -1.60217 -1.29242 -1.52133 -0.875498 -0.89862 0.79978 0.886691 
1.88 1.31351 -0.535033 1.61645 -1.56852 -2.65576 -1.61177 -1.29833 -1.52904 -0.870241 -0.900861 0.814574 0.881632 
1.89 1.27204 -0.531651 1.58709 -1.56906 -2.65773 -1.62144 -1.30439 -1.5369 -0.864578 -0.902979 0.82945 0.877743 
1.9 1.23017 -0.528173 1.55759 -1.56953 -2.6595 -1.63116 -1.31061 -1.5449 -0.858576 -0.904975 0.844306 0.87508 
1.91 1.18792 -0.524595 1.52793 -1.56992 -2.66106 -1.64094 -1.31702 -1.55302 -0.852303 -0.906851 0.859042 0.873681 
1.92 1.14528 -0.520909 1.49814 -1.57022 -2.66242 -1.65075 -1.32364 -1.56122 -0.845831 -0.908612 0.873565 0.873567 
1.93 1.10229 -0.51711 1.46822 -1.57044 -2.66359 -1.66058 -1.33049 -1.56948 -0.839233 -0.910264 0.887785 0.874742 
1.94 1.05894 -0.51319 1.43819 -1.57056 -2.66457 -1.67042 -1.33759 -1.57779 -0.832584 -0.911813 0.901623 0.877188 
1.95 1.01526 -0.509144 1.40805 -1.57059 -2.66537 -1.68027 -1.34497 -1.58612 -0.825957 -0.913271 0.915003 0.880874 
1.96 0.971249 -0.504966 1.3778 -1.57052 -2.66599 -1.6901 -1.35263 -1.59444 -0.819426 -0.914647 0.927861 0.885749 
1.97 0.926928 -0.500649 1.34746 -1.57033 -2.66644 -1.69991 -1.3606 -1.60273 -0.813065 -0.915955 0.940139 0.891745 
1.98 0.882308 -0.496187 1.31704 -1.57004 -2.66673 -1.70969 -1.36888 -1.61098 -0.806946 -0.917209 0.951788 0.89878 
1.99 0.837402 -0.491576 1.28653 -1.56964 -2.66687 -1.71942 -1.37748 -1.61915 -0.801137 -0.918426 0.962766 0.906756 
