0 -1.21703 -1.13211 -1.32869 -1.60229 -1.25796 -0.967498 
0.01 -1.22902 -1.10211 -1.32788 -1.61105 -1.25678 -0.942386 
0.02 -1.24016 -1.07328 -1.32714 -1.61736 -1.25562 -0.919341 
0.03 -1.25018 -1.04585 -1.3264 -1.62117 -1.25443 -0.898568 
0.04 -1.25884 -1.02005 -1.32557 -1.62243 -1.25314 -0.88025 
0.05 -1.26591 -0.99612 -1.32459 -1.62113 -1.25172 -0.864548 
0.06 -1.2712 -0.974238 -1.32335 -1.61728 -1.25012 -0.851595 
0.07 -1.27456 -0.954582 -1.32179 -1.61088 -1.24827 -0.841501 
0.08 -1.27585 -0.937302 -1.31981 -1.60198 -1.24614 -0.834343 
0.09 -1.27498 -0.922522 -1.31734 -1.59062 -1.24368 -0.83017 
0.1 -1.27186 -0.910338 -1.3143 -1.57687 -1.24086 -0.829003 
0.11 -1.26649 -0.900816 -1.31061 -1.56081 -1.23765 -0.830826 
0.12 -1.25887 -0.893993 -1.30623 -1.54253 -1.23401 -0.835597 
0.13 -1.24903 -0.889875 -1.30108 -1.52214 -1.22992 -0.84324 
0.14 -1.23706 -0.88844 -1.29512 -1.49975 -1.22537 -0.853649 
0.15 -1.22309 -0.889632 -1.2883 -1.47548 -1.22035 -0.866689 
0.16 -1.20726 -0.893369 -1.28059 -1.44947 -1.21485 -0.882197 
0.17 -1.18977 -0.899538 -1.27197 -1.42187 -1.20888 -0.899981 
0.18 -1.17085 -0.908 -1.26242 -1.39282 -1.20244 -0.91983 
0.19 -1.15073 -0.918592 -1.25194 -1.36248 -1.19555 -0.941506 
0.2 -1.12971 -0.931127 -1.24053 -1.331 -1.18823 -0.964754 
0.21 -1.10807 -0.945395 -1.22821 -1.29854 -1.1805 -0.989302 
0.22 -1.08614 -0.961171 -1.21501 -1.26528 -1.17238 -1.01487 
0.23 -1.06425 -0.978214 -1.20095 -1.23138 -1.16392 -1.04115 
0.24 -1.04271 -0.99627 -1.18607 -1.197 -1.15514 -1.06786 
0.25 -1.02187 -1.01508 -1.17044 -1.16232 -1.14609 -1.09469 
0.26 -1.00204 -1.03436 -1.1541 -1.12748 -1.13679 -1.12132 
0.27 -0.983536 -1.05386 -1.13712 -1.09267 -1.12729 -1.14748 
0.28 -0.966663 -1.07331 -1.11957 -1.05803 -1.11762 -1.17285 
0.29 -0.951702 -1.09242 -1.10152 -1.02371 -1.10783 -1.19717 
0.3 -0.938917 -1.11096 -1.08304 -0.989882 -1.09794 -1.22017 
0.31 -0.928552 -1.12866 -1.06422 -0.956675 -1.088 -1.24159 
0.32 -0.920828 -1.1453 -1.04514 -0.924232 -1.07803 -1.26121 
0.33 -0.91594 -1.16066 -1.02588 -0.892685 -1.06805 -1.27882 
0.34 -0.914052 -1.17454 -1.00652 -0.862159 -1.0581 -1.29424 
0.35 -0.915296 -1.18676 -0.987153 -0.832771 -1.04818 -1.30732 
0.36 -0.919765 -1.19717 -0.967844 -0.80463 -1.03832 -1.31792 
0.37 -0.92751 -1.20564 -0.948677 -0.777837 -1.02851 -1.32595 
0.38 -0.938535 -1.21206 -0.929725 -0.752482 -1.01877 -1.33135 
0.39 -0.952798 -1.21636 -0.911057 -0.728649 -1.0091 -1.33408 
0.4 -0.970208 -1.2185 -0.89274 -0.706408 -0.999486 -1.33413 
0.41 -0.990626 -1.21845 -0.874836 -0.685821 -0.98992 -1.33154 
0.42 -1.01387 -1.21622 -0.857401 -0.66694 -0.980391 -1.32636 
0.43 -1.03972 -1.21185 -0.840485 -0.649806 -0.97088 -1.31868 
0.44 -1.06792 -1.20541 -0.824135 -0.634448 -0.961368 -1.30862 
0.45 -1.09818 -1.19698 -0.808392 -0.620885 -0.951833 -1.29631 
0.46 -1.13019 -1.18668 -0.793292 -0.609126 -0.942252 -1.28191 
0.47 -1.1636 -1.17464 -0.778865 -0.599168 -0.932599 -1.26563 
0.48 -1.19805 -1.16102 -0.765138 -0.590995 -0.922853 -1.24765 
0.49 -1.23316 -1.146 -0.752132 -0.584585 -0.912988 -1.2282 
0.5 -1.26856 -1.12975 -0.739866 -0.5799 -0.902986 -1.20751 
0.51 -1.30383 -1.11249 -0.728353 -0.576896 -0.892826 -1.18582 
0.52 -1.33858 -1.09443 -0.717605 -0.575515 -0.882495 -1.16338 
0.53 -1.37241 -1.07578 -0.707629 -0.575693 -0.871982 -1.14045 
0.54 -1.4049 -1.05676 -0.698434 -0.577355 -0.861282 -1.11727 
0.55 -1.43568 -1.0376 -0.690022 -0.580416 -0.850396 -1.0941 
0.56 -1.46435 -1.01852 -0.682398 -0.584785 -0.839331 -1.07116 
0.57 -1.49055 -0.999735 -0.675564 -0.590362 -0.828101 -1.0487 
0.58 -1.51393 -0.981446 -0.669524 -0.597043 -0.816727 -1.02693 
0.59 -1.53418 -0.963851 -0.664278 -0.604715 -0.805238 -1.00605 
0.6 -1.55101 -0.947133 -0.65983 -0.613263 -0.79367 -0.986249 
0.61 -1.56414 -0.931459 -0.656182 -0.622567 -0.782067 -0.967686 
0.62 -1.57337 -0.916977 -0.653339 -0.632503 -0.77048 -0.950503 
0.63 -1.57851 -0.903815 -0.651305 -0.642948 -0.758969 -0.934816 
0.64 -1.5794 -0.892081 -0.650085 -0.653776 -0.747597 -0.920719 
0.65 -1.57596 -0.881859 -0.649684 -0.664863 -0.736436 -0.908275 
0.66 -1.56813 -0.873209 -0.650108 -0.676087 -0.725563 -0.897523 
0.67 -1.55588 -0.866169 -0.651365 -0.687329 -0.715059 -0.888475 
0.68 -1.53927 -0.86075 -0.653459 -0.698473 -0.705008 -0.881113 
0.69 -1.51836 -0.856939 -0.656395 -0.709409 -0.695497 -0.875397 
0.7 -1.49328 -0.854699 -0.660179 -0.720033 -0.686614 -0.871258 
0.71 -1.4642 -0.853971 -0.664812 -0.730251 -0.678448 -0.868605 
0.72 -1.43132 -0.854672 -0.670295 -0.739974 -0.671084 -0.867323 
0.73 -1.39489 -0.856698 -0.676626 -0.749125 -0.664608 -0.867277 
0.74 -1.3552 -0.859925 -0.683797 -0.757637 -0.659098 -0.868312 
0.75 -1.31256 -0.864215 -0.6918 -0.765454 -0.65463 -0.870259 
0.76 -1.26731 -0.86941 -0.700619 -0.772531 -0.651271 -0.872934 
0.77 -1.21982 -0.875343 -0.710234 -0.778836 -0.64908 -0.876143 
0.78 -1.1705 -0.881833 -0.720619 -0.784351 -0.648108 -0.879684 
0.79 -1.11973 -0.888693 -0.731741 -0.789068 -0.648395 -0.88335 
0.8 -1.06796 -0.89573 -0.74356 -0.792995 -0.649968 -0.886932 
0.81 -1.0156 -0.902751 -0.756031 -0.79615 -0.652843 -0.890226 
0.82 -0.963095 -0.909559 -0.769097 -0.798567 -0.657022 -0.893027 
0.83 -0.910887 -0.915965 -0.782698 -0.800289 -0.662493 -0.895143 
0.84 -0.859413 -0.921781 -0.796763 -0.801372 -0.66923 -0.89639 
0.85 -0.809111 -0.926831 -0.811215 -0.801884 -0.677193 -0.896597 
0.86 -0.760412 -0.93095 -0.825967 -0.801901 -0.686325 -0.895611 
0.87 -0.713744 -0.933985 -0.840927 -0.801509 -0.696557 -0.893298 
0.88 -0.669523 -0.935801 -0.855996 -0.800802 -0.707805 -0.889542 
0.89 -0.628156 -0.936278 -0.871068 -0.799879 -0.719969 -0.884254 
0.9 -0.590038 -0.93532 -0.88603 -0.798844 -0.73294 -0.877365 
0.91 -0.555545 -0.93285 -0.900767 -0.797807 -0.746594 -0.868837 
0.92 -0.525035 -0.928814 -0.915159 -0.796876 -0.760797 -0.858657 
0.93 -0.498853 -0.923186 -0.929082 -0.796161 -0.775405 -0.846839 
0.94 -0.477351 -0.915961 -0.942413 -0.79577 -0.790267 -0.83343 
0.95 -0.460974 -0.907162 -0.955026 -0.795807 -0.805225 -0.818502 
0.96 -0.448619 -0.896842 -0.966799 -0.796371 -0.820116 -0.802161 
0.97 -0.440694 -0.885071 -0.97761 -0.797554 -0.834774 -0.784531 
0.98 -0.436131 -0.871945 -0.987342 -0.799438 -0.849035 -0.765768 
0.99 -0.435778 -0.857582 -0.995884 -0.802096 -0.862733 -0.746044 
1 -0.438415 -0.842112 -1.00313 -0.805589 -0.875706 -0.725547 
1.01 -0.444671 -0.825686 -1.00899 -0.809964 -0.8878 -0.704488 
1.02 -0.453915 -0.808466 -1.01337 -0.815253 -0.898865 -0.683082 
1.03 -0.460566 -0.790628 -1.0162 -0.821473 -0.908764 -0.661561 
1.04 -0.470889 -0.772321 -1.01742 -0.828625 -0.917368 -0.640126 
1.05 -0.483016 -0.753751 -1.01697 -0.836692 -0.924565 -0.619033 
1.06 -0.49723 -0.735071 -1.01483 -0.845639 -0.930254 -0.59848 
1.07 -0.513209 -0.71647 -1.01097 -0.855414 -0.934353 -0.578699 
1.08 -0.530699 -0.698125 -1.00539 -0.865946 -0.936795 -0.559903 
1.09 -0.549439 -0.680213 -0.998102 -0.877147 -0.937534 -0.542302 
1.1 -0.569165 -0.662906 -0.989137 -0.888911 -0.93654 -0.526094 
1.11 -0.589613 -0.646369 -0.978539 -0.901118 -0.933804 -0.511465 
1.12 -0.61052 -0.630759 -0.96637 -0.91363 -0.92934 -0.498586 
1.13 -0.631634 -0.616219 -0.952708 -0.926296 -0.923176 -0.487608 
1.14 -0.652707 -0.602883 -0.937645 -0.938952 -0.915365 -0.478666 
1.15 -0.673506 -0.590871 -0.921289 -0.951424 -0.905977 -0.471874 
1.16 -0.693812 -0.580285 -0.903761 -0.963528 -0.8951 -0.467321 
1.17 -0.713423 -0.571213 -0.885194 -0.975074 -0.882842 -0.465074 
1.18 -0.732154 -0.563724 -0.865732 -0.985867 -0.869325 -0.465177 
1.19 -0.749843 -0.557871 -0.84553 -0.995709 -0.854686 -0.467648 
1.2 -0.766348 -0.553687 -0.824749 -1.0044 -0.839077 -0.472478 
1.21 -0.781551 -0.551188 -0.803557 -1.01176 -0.822661 -0.479638 
1.22 -0.795359 -0.550371 -0.782125 -1.01758 -0.805609 -0.489069 
1.23 -0.807701 -0.551212 -0.760629 -1.02169 -0.7881 -0.500691 
1.24 -0.818533 -0.553675 -0.739242 -1.02392 -0.770319 -0.514402 
1.25 -0.827833 -0.557703 -0.718138 -1.02411 -0.752452 -0.530075 
1.26 -0.835605 -0.563223 -0.697486 -1.02212 -0.734687 -0.547567 
1.27 -0.841874 -0.57015 -0.677448 -1.01782 -0.71721 -0.566713 
1.28 -0.846688 -0.578384 -0.658181 -1.01112 -0.700201 -0.587333 
1.29 -0.850117 -0.587812 -0.63983 -1.00193 -0.683834 -0.609234 
1.3 -0.852247 -0.598312 -0.622531 -0.990189 -0.668274 -0.632209 
1.31 -0.853184 -0.609753 -0.606405 -0.975871 -0.653675 -0.656042 
1.32 -0.853047 -0.621997 -0.591559 -0.958969 -0.640178 -0.68051 
1.33 -0.85197 -0.634901 -0.578084 -0.939502 -0.627909 -0.705386 
1.34 -0.850096 -0.648318 -0.566056 -0.917521 -0.616976 -0.73044 
1.35 -0.847577 -0.6621 -0.555531 -0.893104 -0.60747 -0.755444 
1.36 -0.84457 -0.676101 -0.546548 -0.866356 -0.599463 -0.780172 
1.37 -0.841237 -0.690174 -0.539126 -0.837411 -0.593005 -0.804403 
1.38 -0.837741 -0.704179 -0.533267 -0.806431 -0.588127 -0.827927 
1.39 -0.83424 -0.717979 -0.528951 -0.773603 -0.584838 -0.850541 
1.4 -0.830893 -0.731447 -0.526142 -0.73914 -0.583124 -0.872056 
1.41 -0.827848 -0.744461 -0.524785 -0.703276 -0.582953 -0.892296 
1.42 -0.825248 -0.756911 -0.524808 -0.666267 -0.584268 -0.911104 
1.43 -0.823224 -0.768696 -0.526122 -0.628388 -0.586995 -0.928335 
1.44 -0.821895 -0.779729 -0.528623 -0.589931 -0.591039 -0.943869 
1.45 -0.821366 -0.789932 -0.532195 -0.551199 -0.59629 -0.9576 
1.46 -0.821727 -0.799244 -0.53671 -0.512506 -0.602618 -0.969447 
1.47 -0.823053 -0.807612 -0.542028 -0.474174 -0.609881 -0.979345 
1.48 -0.825398 -0.814999 -0.548003 -0.436527 -0.617923 -0.987255 
1.49 -0.8288 -0.821383 -0.554483 -0.39989 -0.62658 -0.993156 
1.5 -0.83328 -0.826751 -0.561312 -0.364586 -0.635677 -0.997047 
1.51 -0.838838 -0.831106 -0.568332 -0.330928 -0.645035 -0.99895 
1.52 -0.845455 -0.83446 -0.575387 -0.299222 -0.654472 -0.998904 
1.53 -0.853096 -0.836839 -0.582324 -0.269757 -0.663805 -0.996967 
1.54 -0.861706 -0.838277 -0.588993 -0.242807 -0.672853 -0.993215 
1.55 -0.871215 -0.838819 -0.595256 -0.218626 -0.681439 -0.987737 
1.56 -0.881536 -0.838517 -0.600981 -0.197442 -0.689394 -0.98064 
1.57 -0.892566 -0.837432 -0.60605 -0.179461 -0.696559 -0.97204 
1.58 -0.904191 -0.835629 -0.610356 -0.164856 -0.702786 -0.962066 
1.59 -0.916283 -0.833178 -0.61381 -0.153772 -0.70794 -0.950854 
1.6 -0.928705 -0.830154 -0.616338 -0.146321 -0.711905 -0.938549 
1.61 -0.941313 -0.826631 -0.617884 -0.14258 -0.71458 -0.925299 
1.62 -0.953952 -0.822688 -0.618409 -0.142593 -0.715884 -0.911255 
1.63 -0.966468 -0.818399 -0.617897 -0.146365 -0.715758 -0.896571 
1.64 -0.9787 -0.813839 -0.616349 -0.153867 -0.714164 -0.881398 
1.65 -0.990488 -0.80908 -0.613787 -0.165033 -0.711085 -0.865884 
1.66 -1.00167 -0.80419 -0.610253 -0.17976 -0.706528 -0.850174 
1.67 -1.0121 -0.799232 -0.605807 -0.197913 -0.700524 -0.834407 
1.68 -1.02162 -0.794263 -0.600531 -0.219322 -0.693123 -0.818714 
1.69 -1.03009 -0.789336 -0.594521 -0.243783 -0.684402 -0.803216 
1.7 -1.03737 -0.784494 -0.587891 -0.271068 -0.674455 -0.788026 
1.71 -1.04333 -0.779776 -0.580771 -0.300915 -0.663399 -0.773245 
1.72 -1.04787 -0.775211 -0.573303 -0.333044 -0.651369 -0.758962 
1.73 -1.05089 -0.770823 -0.56564 -0.367148 -0.638516 -0.745256 
1.74 -1.05229 -0.766627 -0.557945 -0.402907 -0.625008 -0.732189 
1.75 -1.052 -0.762631 -0.550388 -0.439981 -0.611024 -0.719815 
1.76 -1.04997 -0.758836 -0.543142 -0.478024 -0.596756 -0.708172 
1.77 -1.04616 -0.755236 -0.536384 -0.516682 -0.582402 -0.697287 
1.78 -1.04054 -0.751819 -0.530289 -0.555595 -0.568167 -0.687173 
1.79 -1.0331 -0.748569 -0.52503 -0.594407 -0.554259 -0.677834 
1.8 -1.02386 -0.745463 -0.520771 -0.632766 -0.540884 -0.66926 
1.81 -1.01283 -0.742475 -0.517672 -0.670329 -0.528248 -0.661432 
1.82 -1.00007 -0.739578 -0.515879 -0.706765 -0.516549 -0.654324 
1.83 -0.985625 -0.736738 -0.515525 -0.74176 -0.505978 -0.647898 
1.84 -0.969569 -0.733925 -0.516729 -0.77502 -0.496715 -0.642112 
1.85 -0.951988 -0.731104 -0.519591 -0.806272 -0.488927 -0.636916 
1.86 -0.932983 -0.728245 -0.524194 -0.835272 -0.482763 -0.632258 
1.87 -0.912664 -0.725315 -0.530596 -0.861802 -0.478357 -0.628081 
1.88 -0.891155 -0.722286 -0.538837 -0.885676 -0.47582 -0.624327 
1.89 -0.868588 -0.719133 -0.548931 -0.90674 -0.475244 -0.620936 
1.9 -0.845104 -0.715834 -0.560869 -0.924875 -0.476697 -0.617851 
1.91 -0.820852 -0.712371 -0.574617 -0.939996 -0.480221 -0.615014 
1.92 -0.795985 -0.708732 -0.590117 -0.952056 -0.485836 -0.612371 
1.93 -0.770664 -0.70491 -0.607286 -0.961042 -0.493533 -0.609873 
1.94 -0.745049 -0.700902 -0.626017 -0.966978 -0.503281 -0.607475 
1.95 -0.719304 -0.696715 -0.646181 -0.969924 -0.515022 -0.605137 
1.96 -0.693595 -0.692358 -0.667626 -0.969972 -0.52867 -0.602825 
1.97 -0.668085 -0.687847 -0.69018 -0.967249 -0.54412 -0.600513 
1.98 -0.642934 -0.683206 -0.713653 -0.961911 -0.561239 -0.598182 
1.99 -0.618303 -0.678461 -0.737837 -0.954142 -0.579877 -0.59582 
