0 -0.879827 0.275619 -1.21703 -2.0039 -0.874672 0.0506414 0.275313 -0.0379148 -0.874672 -0.0506414 0.275313 0.0379148 
0.01 -0.80611 0.272439 0.879884 0.00284974 -0.150425 -0.0284974 -0.724285 0.332906 -0.050949 -0.0332906 0 0 
0.02 -0.563234 0.25891 27.2266 -2.45655 31.6201 -1.79673 -17.5573 15.1469 1.30901 -23.4708 0.916689 23.6555 
0.03 -0.205778 0.238366 1.00624 0.00563858 -0.125267 -0.0563858 -0.29071 0.687163 -0.0960522 -0.0687163 0 0 
0.04 0.194529 0.215073 0 2.122e-314 0 2.78134e-309 3.52132 0 -0.352132 0 -0.0283984 0 
0.05 0.5551 0.193885 1.09983 0.00466665 -0.0899732 -0.0466665 0.267162 0.586894 -0.155098 -0.0586894 0 0 
0.06 0.80988 0.178657 -35.6092 1.31047 18.8689 -1.14902 -25.7966 23.2588 -1.98678 -23.7991 -1.12887 29.4525 
0.07 0.910563 0.172188 1.13871 0.000800089 -0.0709485 -0.00800089 0.567907 0.102379 -0.18677 -0.0102379 0 0 
0.08 0.839685 0.175481 -36.9434 1.40388 -15.3734 0.798608 -28.0822 25.9579 -3.61197 -22.9684 -2.01437 30.719 
0.09 0.612501 0.187643 1.13512 -0.0035139 -0.0820244 0.035139 0.420309 -0.450006 -0.170625 0.0450006 0 0 
0.1 0.272524 0.206146 -22.6116 26.647 -6.40391 -23.126 -3.97147 29.941 -1.27186 -0.910338 -1.3143 -1.57687 
0.11 -0.11557 0.227233 1.07896 -0.00568661 -0.11494 0.0568661 -0.076951 -0.716003 -0.117452 0.0716003 0 0 
0.12 -0.479746 0.2467 -1.25887 1.49167e-154 0.874151 0.54687 0.475817 1.93547 0.386072 -0.622216 -22.1008 27.0819 
0.13 -0.75214 0.260555 9.88131e-324 9.88131e-324 0 1.97626e-323 6.93463e-310 9.88131e-324 9.88131e-324 0 1.97626e-323 6.93463e-310 
0.14 -0.882079 0.265771 1.49167e-154 1.49167e-154 0.120003 0 0.0665589 4.17201e-309 0 2.122e-314 0 2.78134e-309 
0.15 -0.845273 0.260823 0.960622 -0.000368312 -0.167571 0.00368312 -0.821415 -0.0425187 -0.0410056 0.00425187 0 0 
0.16 -0.648017 0.24596 1.49167e-154 1.49167e-154 -0.60089 -0.649218 0.124554 0.246062 -0.649218 -0.60089 0.246062 0.124554 
0.17 -0.326478 0.223193 0.953029 0.00413353 -0.153761 -0.0413353 -0.624679 0.446424 -0.0667104 -0.0446424 0 0 
0.18 0.0598918 0.195947 1.49167e-154 1.49167e-154 0.196433 0 1.7306e-77 4.17201e-309 0.0524015 -0.890913 0.196433 0.157754 
0.19 0.438724 0.168488 0.970115 0.00638998 -0.113692 -0.0638998 -0.154197 0.638282 -0.124256 -0.0638282 0 0 
0.2 0.737846 0.145158 0.729179 0 0.145748 0 1.49167e-154 1.49167e-154 9.88131e-324 9.88131e-324 0 1.97626e-323 
0.21 0.898614 0.129575 0.981867 0.00483245 -0.0681344 -0.0483245 0.293737 0.44323 -0.180987 -0.044323 0 0 
0.22 0.887265 0.123912 0.224566 0.883595 0.122816 0.12425 1.7306e-77 1.49167e-154 9.88131e-324 9.88131e-324 0 1.97626e-323 
0.23 0.702487 0.128374 -1.06425 1.7306e-77 0 2.122e-314 0 2.78134e-309 2.89867 0 -0.289867 0 
0.24 0.377334 0.140998 2.12474 -1.84754 1.52612 3.45601 0.892319 -2.68164 9.88131e-324 9.88131e-324 0 1.97626e-323 
0.25 -0.0253391 0.15786 -1.02187 -1.01508 -1.17044 -1.16232 -1.14609 -1.09469 9.88131e-324 9.88131e-324 0 1.97626e-323 
0.26 -0.423999 0.17371 13.3878 2.11265 -6.42303 0.165791 -2.02855 -4.85867 1.92145 -1.94392 1.66703 3.48517 
0.27 -0.734645 0.182997 35.1436 -3.19832 -25.1829 0.461046 8.43335 0.465695 -4.59776 2.84678 -0.519626 -6.62843 
0.28 -0.889097 0.18108 -0.879403 0.150234 0.180695 0.182355 -0.879403 -0.150234 0.180695 -0.182355 -0.879403 0.150234 
0.29 -0.85122 0.165381 41.6802 -3.56777 13.4876 -2.32003 13.9026 -4.73839 -3.12832 5.8291 0.188069 -12.053 
0.3 -0.626666 0.136137 -0.629322 -0.621102 0.136617 0.248822 -0.629322 0.621102 0.136617 -0.248822 -0.629322 -0.621102 
0.31 -0.26306 0.0965215 -0.272596 -0.840459 0.0975019 0.269829 -0.840459 0.272596 0.269829 -0.0975019 1.49167e-154 1.49167e-154 
0.32 0.160047 0.0520271 0.145607 -0.873455 0.0533824 0.277207 0.145607 0.873455 0.0533824 -0.277207 0.145607 -0.873455 
0.33 0.549244 0.00923892 1.49167e-154 1.49167e-154 30.1583 -14.8227 -0.968849 10.2156 0.206395 -21.9301 1.49167e-154 1.49167e-154 
0.34 0.81891 -0.0256994 1.49167e-154 1.49167e-154 0.805053 -0.392812 -0.0243288 0.251114 0.805053 0.392812 -0.0243288 -0.251114 
0.35 0.911009 -0.0485245 0.0142381 0 0.224796 0 6.93463e-310 6.93463e-310 0 0 0 0 
0.36 0.808007 -0.0578071 24.3199 -18.2423 2.38005 14.2884 1.65302 -24.3991 0.806595 -0.419864 -0.0573297 -0.197404 
0.37 0.535649 -0.0551631 1.49167e-154 1.49167e-154 0.541253 0.737882 -0.0552178 0.174924 0.751828 0.173926 0.286239 -0.00601733 
0.38 0.155098 -0.0446806 0.165818 0 -0.0451412 0 0.165818 0.904208 -0.0451412 0.161794 0.904208 0 
0.39 -0.252939 -0.0317681 0.892925 0.159746 0.215278 -0.0145894 -0.635519 -0.553247 -0.437972 -0.465584 -0.195252 -0.263346 
0.4 -0.607164 -0.0218027 1.49167e-154 1.49167e-154 9.88131e-324 9.88131e-324 0 1.97626e-323 6.93463e-310 9.88131e-324 9.88131e-324 0 
0.41 -0.842456 -0.0189732 20.4745 -20.5715 5.56546 17.7521 1.35087 -24.5714 0 2.122e-314 0 2.78134e-309 
0.42 -0.920783 -0.0255762 18.5343 -20.202 6.06091 18.1408 1.17086 -23.7048 1.49167e-154 1.49167e-154 -0.218876 -0.000954993 
0.43 -0.835137 -0.0418271 1.49167e-154 1.49167e-154 -0.83493 -0.368371 -0.0417159 0.225552 -2.70726 0.541818 1.664 1.62503 
0.44 -0.607318 -0.0660989 -0.610169 0.672976 -0.0658067 -0.240051 0 2.122e-314 0 2.78134e-309 2.90933 0 
0.45 -0.281298 -0.0954389 -3.11861 0.938618 1.54271 1.26613 0.955422 1.3381 1.49167e-154 1.49167e-154 -0.52953 -0.493795 
0.46 0.0859402 -0.126214 6.93463e-310 6.93463e-310 0 0 0 0 0 0 0 0 
0.47 0.434394 -0.154763 -3.39904 1.2856 1.40809 0.906224 0.969551 1.71694 -0.792996 -0.428814 0.233037 0.154376 
0.48 0.710383 -0.177953 0.705634 -0.562448 -0.177642 0.214416 -3.4847 1.43523 1.33697 0.728643 0.980185 1.87531 
0.49 0.874054 -0.193601 -3.31673 -11.0411 8.14739 17.8542 -0.475022 -11.1687 0.870683 -0.246332 -0.193391 0.191026 
0.5 0.904228 -0.200691 0.902535 0.105486 -0.200591 0.165933 0.902535 -0.105486 -0.200591 -0.165933 0.902535 0.105486 
0.51 0.800172 -0.199421 -3.50801 1.76974 1.11323 0.21822 1.02434 2.21026 0.440353 0 0.142244 0 
0.52 0.580365 -0.191072 0.58192 0.710453 -0.191163 0.12268 0.58192 -0.710453 -0.191163 -0.12268 0.58192 0.710453 
0.53 0.278723 -0.17775 -3.32266 1.88703 0.958644 -0.0932938 1.0606 2.30964 -3.32261 1.88703 0.958644 -0.0932909 
0.54 -0.0609542 -0.162048 -0.0575918 0.925237 -0.162231 0.103013 -0.0575918 -0.925237 -0.162231 -0.103013 -0.0575918 0.925237 
0.55 -0.391386 -0.146683 -0.387863 0.845031 -0.146868 0.10407 1.49167e-154 -1.7306e-77 -21.0481 0.779971 7.87716 13.0847 
0.56 -0.66818 -0.134146 -0.66495 0.65179 -0.13431 0.111565 -0.66495 -0.65179 -0.13431 -0.111565 -0.66495 0.65179 
0.57 -0.855401 -0.126416 -28.1639 4.99926 7.92734 11.0355 -1.44501 6.91598 0.373255 0 0.123872 0 
0.58 -0.929758 -0.124752 -0.92809 0.0474839 -0.124827 0.138837 -0.92809 -0.0474839 -0.124827 -0.138837 -0.92809 0.0474839 
0.59 -0.883052 -0.129573 -0.282314 0.882425 0.154059 0.129593 1.49167e-154 1.49167e-154 -2.18687 1.79735 0.564377 -0.719549 
0.6 -0.722718 -0.140456 -0.723148 -0.573325 -0.14042 0.167189 -0.723148 0.573325 -0.14042 -0.167189 -0.723148 -0.573325 
0.61 -0.470492 -0.156209 1.49167e-154 1.49167e-154 -0.471889 0 -0.156124 0 9.88131e-324 9.88131e-324 0 1.97626e-323 
0.62 -0.159427 -0.175045 -0.1616 -0.90061 -0.17492 0.179642 -0.1616 0.90061 -0.17492 -0.179642 -0.1616 -0.90061 
0.63 0.170375 -0.194808 -0.30363 1.24639 0.16282 -1.06572 1.14531 1.49048 6.93463e-310 6.93463e-310 0 0 
0.64 0.476805 -0.213241 0.47395 -0.776326 -0.213083 0.1676 0.47395 0.776326 -0.213083 -0.1676 0.47395 -0.776326 
0.65 0.720964 -0.228262 -49.0245 16.6294 8.90476 2.03021 3.60954 17.8505 6.93463e-310 6.93463e-310 0 0 
0.66 0.871945 -0.238213 -44.1002 16.1121 8.31676 0.169846 3.68383 17.0536 -1.56813 -0.873209 -0.650108 -0.676087 
0.67 0.910607 -0.242061 0.910607 -0.242061 -43.76 16.2306 8.37629 -0.98371 4.52957 16.8953 1.4439 0.622966 
0.68 0.831899 -0.23952 -42.9674 16.1034 8.42951 -2.08365 5.39945 16.4727 1.49167e-154 -1.29074e-231 -0.167415 -1.12114 
0.69 0.645485 -0.231092 0 2.122e-314 0 2.78134e-309 4.56473 0 -0.456473 0 -0.0219071 0 
0.7 0.374598 -0.218015 -14.0061 1.11167 -30.3418 1.48712 -45.3817 15.9862 9.15745 -3.35777 7.8502 15.7456 
0.71 0.0532919 -0.202126 0.055485 0.925362 -0.202234 0.0537128 0.055485 -0.925362 -0.202234 -0.0537128 0.055485 0.925362 
0.72 -0.277582 -0.185659 9.65307 -0.142651 -32.2827 1.60355 -41.0632 14.1218 9.14593 -4.9884 9.54456 13.2393 
0.73 -0.575241 -0.170994 1.49167e-154 1.49167e-154 -0.572342 -0.737329 -0.171141 -0.0563536 9.88131e-324 9.88131e-324 0 1.97626e-323 
0.74 -0.800149 -0.16039 1.44529 0.000663512 -0.103634 -0.00663512 0.633204 0.0997612 -0.183289 -0.00997612 0 0 
0.75 -0.921007 -0.155702 33.8455 -1.4119 -6.23309 0.129973 -32.0632 9.93349 8.85841 -6.64115 11.7522 8.16021 
0.76 -0.919027 -0.158145 6.93463e-310 6.93463e-310 0 0 0 0 0 0 0 0 
0.77 -0.791029 -0.168082 29.6799 -1.07554 18.8222 -1.36096 -24.774 6.45755 8.41353 -7.14086 12.8454 4.19841 
0.78 -0.550933 -0.184895 -20.8613 4.58832 8.09799 -7.19904 13.2414 2.13268 -2.0039 -2.0039 -0.184856 2.78134e-309 
0.79 -0.229281 -0.206938 8.5928 0.360434 35.0764 -2.40237 -16.8274 2.6673 7.714 -7.12798 13.5225 0.0515773 
0.8 0.129451 -0.231606 0.126045 0.907547 -0.231418 -0.105795 0.126045 0 -0.231418 0 0.126045 -0.907547 
0.81 0.471805 -0.255526 -19.4987 2.42486 31.8799 -2.25385 -8.57609 -1.2193 6.72619 -6.60335 13.7048 -4.03222 
0.82 0.742316 -0.2749 6.93463e-310 6.93463e-310 0 0 0 0 0 0 0 0 
0.83 0.891909 -0.285965 -0.384196 -4.98024 5.43081 -5.59391 13.336 -7.80847 0.887422 -0.184376 -0.285677 0.0207993 
0.84 0.886753 -0.285575 1.49167e-154 1.49167e-154 2.36178 0.42341 6.95318e-310 6.95318e-310 0 0 6.95318e-310 6.95318e-310 
0.85 0.716329 -0.271844 0.715566 0 -0.271765 0 4.957 -0.461108 -1.46167 -0.0250912 -0.855806 0.0365017 
0.86 0.399389 -0.244773 6.93463e-310 6.93463e-310 0 0 0 0 0 0 0 0 
0.87 -0.0135366 -0.206767 1.49167e-154 1.49167e-154 2.04163 0.489805 6.95318e-310 6.95318e-310 0 0 6.95318e-310 6.95318e-310 
0.88 -0.4424 -0.162875 6.93463e-310 6.93463e-310 0 0 0 0 0 0 0 0 
0.89 -0.786146 -0.12052 1.49167e-154 1.49167e-154 -0.77346 0.509011 -0.121837 -0.148899 0 2.122e-314 0 2.78134e-309 
0.9 -0.939219 -0.0883616 1.80408 0.5543 6.95318e-310 6.95318e-310 0 0 6.95318e-310 6.95318e-310 6.95318e-310 6.95322e-310 
0.91 -0.817651 -0.0738517 -0.817651 -0.0738517 1.74292 0.573749 6.95318e-310 6.95318e-310 0 0 6.95318e-310 6.95318e-310 
0.92 -0.395543 -0.0790059 1.69057 0.591516 6.95318e-310 6.95318e-310 0 0 6.95318e-310 6.95318e-310 6.95318e-310 6.95322e-310 
0.93 0.2444 -0.093508 0.2444 -0.093508 1.64692 0.607195 6.95318e-310 6.95318e-310 0 0 6.95318e-310 6.95318e-310 
0.94 0.800643 -0.0827575 1.61194 0.620371 6.95318e-310 6.95318e-310 0 0 6.95318e-310 6.95318e-310 6.95318e-310 6.95322e-310 
0.95 0.900734 -0.0326355 39.9573 -15.2476 -8.40996 5.27502 -0.666195 -14.1683 0.828028 -0.559384 0.0063641 0.282136 
0.96 0.768626 0.0058409 1.5662 0.638489 6.95318e-310 6.95318e-310 0 0 6.95318e-310 6.95318e-310 6.95318e-310 6.95322e-310 
0.97 0.473605 0.0859292 0.473605 0.0859292 1.5521 0.64429 6.95318e-310 6.95318e-310 0 0 6.95318e-310 6.95318e-310 
0.98 0.348858 0.102701 1.5486 0.645746 6.95318e-310 6.95318e-310 0 0 6.95318e-310 6.95318e-310 6.95318e-310 6.95322e-310 
0.99 -0.0124672 0.176586 -0.0124672 0.176586 1.54365 0.647815 6.95318e-310 6.95318e-310 0 0 6.95318e-310 6.95318e-310 
1 -0.130622 0.193216 24.4904 -9.53314 -13.9116 8.83008 -8.80577 -5.6113 -0.430965 1.5973 -0.656783 -0.392713 
1.01 -0.43442 0.248612 -0.802267 1.05344 0.32951 -0.231477 -0.802267 -1.05344 0.32951 0.231477 -0.802267 1.05344 
1.02 1.16663 -0.0649334 0.582646 -0.522192 -0.185027 0.256401 6.93463e-310 6.93463e-310 0 0 0 0 
1.03 1.16627 -0.0650275 1.49167e-154 1.49167e-154 9.88131e-324 9.88131e-324 0 1.97626e-323 6.93463e-310 9.88131e-324 9.88131e-324 0 
1.04 1.10919 -0.0552888 22.1699 -2.63333 -16.6374 9.16257 -14.0928 3.41509 -1.11165 1.84644 -0.0392082 -0.761379 
1.05 1.06645 -0.04819 1.164 0 -0.0655977 0 1.49167e-154 1.49167e-154 -1.32474 1.86574 0.129018 -0.851426 
1.06 1.02266 -0.0410756 1.02343 2.48143 -0.0411991 -0.636727 1.02343 -2.48143 -0.0411991 0.636727 1.02343 2.48143 
1.07 0.978534 -0.0340749 2.49885 0.978406 -0.638117 -0.0340561 1.49167e-154 1.49167e-154 -1.62191 0.549199 -1.62191 -0.549199 
1.08 0.934112 -0.0272042 1.49167e-154 1.49167e-154 2.51557 -0.934116 -0.639439 0.0272045 9.88131e-324 9.88131e-324 0 1.97626e-323 
1.09 0.889405 -0.0204731 6.93463e-310 6.93463e-310 0 0 0 0 0 0 0 0 
1.1 0.844428 -0.0138878 0 2.122e-314 0 2.78134e-309 1.76679 0 -0.176679 0 -0.0565999 0 
1.11 0.799194 -0.00745135 -2.07207 1.60989 1.1395 -1.23833 0.360351 1.37814 -0.589611 -2.0039 6.93463e-310 6.93463e-310 
1.12 0.753716 -0.00116399 12.4199 -0.026183 -2.13336 0.26183 -3.04822 -0.887788 0.258737 0.0887788 0 0 
1.13 0.708009 0.0049765 0.708009 -2.58721 0.00497665 0.644457 1.49167e-154 2.32035e+77 -0.411643 12.0522 -14.0171 -0.0877509 
1.14 0.662086 0.0109744 12.9441 -0.0237248 -2.15499 0.237248 -3.20259 -0.875258 0.277159 0.0875258 0 0 
1.15 0.615962 0.0168355 0.615962 2.61027 0.0168357 -0.645822 0.615962 -2.61027 0.0168357 0.645822 0.615962 2.61027 
1.16 0.56965 0.0225671 13.4768 -0.0213534 -2.17924 0.213534 -3.36024 -0.85527 0.295619 0.085527 0 0 
1.17 0.523164 0.0281772 2.63008 0 -0.646868 0 0.523164 -2.63008 0.0281773 0.646868 -1.91997 0.829057 
1.18 0.476519 0.0336745 13.9939 -0.0191051 -2.20488 0.191051 -3.5147 -0.826207 0.313435 0.0826207 0 0 
1.19 0.429729 0.0390683 0.429729 0 0.0390683 0 1.49167e-154 1.49167e-154 -0.64762 -0.0390683 1.49167e-154 1.49167e-154 
1.2 0.382808 0.0443677 9.88131e-324 9.88131e-324 0 1.97626e-323 6.93463e-310 9.88131e-324 9.88131e-324 0 1.97626e-323 6.93463e-310 
1.21 0.335771 0.0495822 -0.580584 0.0173051 -4.70906 0.517513 -19.1619 17.3783 -1.59017 -14.3025 -5.5415 23.2177 
1.22 0.288632 0.054721 9.88131e-324 9.88131e-324 0 1.97626e-323 6.93463e-310 9.88131e-324 9.88131e-324 0 1.97626e-323 6.93463e-310 
1.23 0.241405 0.059793 -20.286 16.7726 1.85904 -17.8072 -1.93763 21.3991 -0.807701 1.7306e-77 -15.1268 16.2214 
1.24 0.194106 0.064807 0 2.122e-314 0 2.78134e-309 2.26717 0 -0.226717 0 -0.0441078 0 
1.25 0.146748 0.0697711 -0.248844 -0.00800188 -4.7382 0.494186 -20.444 15.5004 5.23906 -20.7943 1.77387 18.7249 
1.26 0.0993463 0.0746932 15.4909 -0.0114675 -2.2912 0.114675 -3.98362 -0.609908 0.366467 0.0609908 0 0 
1.27 0.0519158 0.0795807 2.6798 0 -0.647996 0 -14.562 13.0747 7.71313 -24.0931 4.68674 14.7571 
1.28 0.00447086 0.0844405 15.6599 -0.00982946 -2.30289 0.0982946 -4.04449 -0.534508 0.37334 0.0534508 0 0 
1.29 -0.0429738 0.0892789 6.93463e-310 6.93463e-310 0 0 0 0 0 0 0 0 
1.3 -0.0904036 0.0941016 2.67852 0 -0.647103 0 1.49167e-154 1.7306e-77 -11.9477 9.41534 11.7412 -25.8147 
1.31 -0.137804 0.0989138 -10.7464 8.03333 12.8148 -25.8756 11.0305 6.35599 -0.853184 -0.609753 -0.606405 -0.975871 
1.32 -0.18516 0.10372 -9.41496 6.60014 13.7309 -25.6621 12.2881 4.07901 0.0630089 -1.2598 1.41742 1.81905 
1.33 -0.232457 0.108524 6.93463e-310 6.93463e-310 0 0 0 0 0 0 0 0 
1.34 -0.279681 0.11333 1.49167e-154 1.49167e-154 2.66517 0.279681 -0.645023 -0.11333 0.222257 -1.36243 1.12845 2.32145 
1.35 -0.326816 0.118139 1.49167e-154 1.49167e-154 -0.326816 -2.65976 0.118139 0.64434 -0.847577 -0.6621 -0.555531 -0.893104 
1.36 -0.373849 0.122953 2.65352 0 -0.64359 0 -3.26168 0.725001 15.6304 -21.9876 15.5141 -4.96725 
1.37 -0.420766 0.127774 15.57 -0.0029187 -2.30607 0.029187 -4.06684 -0.156993 0.376584 0.0156993 0 0 
1.38 -0.46755 0.132602 -0.46755 0 0.132602 0 -0.0337544 -2.04869 15.4535 -18.4993 15.9036 -9.10733 
1.39 -0.514189 0.137435 15.4621 -0.00138394 -2.30115 0.0138394 -4.0417 -0.0734055 0.373947 0.00734055 0 0 
1.4 -0.560667 0.142274 0.99322 -0.105333 -4.63933 0.484001 -2.0983 -3.81083 15.0589 -13.2845 16.0181 -11.8833 
1.41 -0.60697 0.147115 15.3644 0.000165321 -2.2964 -0.00165321 -4.01682 0.00865743 0.37129 -0.000865743 0 0 
1.42 -0.653085 0.151955 1.1555 -0.118825 -4.60156 0.483899 0.630568 -5.8955 13.4483 -8.04457 14.7181 -14.8568 
1.43 -0.698997 0.156791 15.2944 0.0017244 -2.29265 -0.017244 -3.99687 0.0894709 0.369116 -0.00894709 0 0 
1.44 -0.744692 0.161619 2.87303 -7.52181 11.247 -2.1673 12.662 -17.0929 0 2.122e-314 0 2.78134e-309 
1.45 -0.790155 0.166433 15.2668 0.00328328 -2.29061 -0.0328328 -3.98579 0.169722 0.367847 -0.0169722 0 0 
1.46 -0.835374 0.171229 -0.0832516 -0.884687 -0.494006 3.85664 -0.682018 -1.08812 -0.835374 2.54621 0.171229 -0.632399 
1.47 -0.880333 0.176 15.293 0.00482798 -2.29082 -0.0482798 -3.98659 0.250415 0.367812 -0.0250415 0 0 
1.48 -0.92502 0.180741 -0.286907 -0.688864 -0.625343 3.71956 -0.83779 -0.690676 -0.92502 2.51512 0.180741 -0.629383 
1.49 -0.96942 0.185445 15.3814 0.0063423 -2.29373 -0.063423 -4.00133 0.332762 0.369234 -0.0332762 0 0 
1.5 -1.01352 0.190106 6.93463e-310 6.93463e-310 0 0 0 0 0 0 0 0 
1.51 -1.05731 0.194719 15.5363 0.00780994 -2.29971 -0.0780994 -4.03106 0.418073 0.372225 -0.0418073 0 0 
1.52 -1.10077 0.199277 1.94176 -0.177883 -4.32914 0.452895 5.12838 -8.93088 -0.615213 22.7308 -0.389358 -17.9238 
1.53 -1.14389 0.203775 15.759 0.00921647 -2.30903 -0.0921647 -4.07573 0.507638 0.376784 -0.0507638 0 0 
1.54 -1.18665 0.208209 2.09265 -0.186897 -4.25839 0.439983 3.89087 -8.13082 -3.48837 27.9442 -3.94849 -16.2674 
1.55 -1.22905 0.212573 16.0465 0.0105513 -2.32183 -0.105513 -4.13427 0.602604 0.382792 -0.0602604 0 0 
1.56 -1.27107 0.216866 -1.06934 0.0704022 -0.541561 1.96142 -0.758573 0.786908 1.49167e-154 1.49167e-154 2.41484 -1.52404 
1.57 -1.31269 0.221082 16.392 0.0118088 -2.33807 -0.118088 -4.20449 0.703849 0.390013 -0.0703849 0 0 
1.58 -1.35391 0.225222 1.49167e-154 1.49167e-154 -1.35391 2.31362 0.225222 -0.611238 -1.35391 -2.31362 0.225222 0.611238 
1.59 -1.39471 0.229282 16.7849 0.0129899 -2.35743 -0.129899 -4.28313 0.811853 0.398096 -0.0811853 0 0 
1.6 -1.43508 0.233262 9.88131e-324 9.88131e-324 0 1.97626e-323 6.93463e-310 9.88131e-324 9.88131e-324 0 1.97626e-323 6.93463e-310 
1.61 -1.47501 0.237161 9.88131e-324 9.88131e-324 0 1.97626e-323 6.93463e-310 9.88131e-324 9.88131e-324 0 1.97626e-323 6.93463e-310 
1.62 -1.51448 0.240982 2.66871 -0.214291 -3.92382 0.378057 -6.26252 -2.62858 -9.77529 37.7678 -13.605 -5.49638 
1.63 -1.55348 0.244723 17.6486 0.015157 -2.40251 -0.15157 -4.44747 1.04731 0.414914 -0.104731 0 0 
1.64 -1.592 0.248387 1.49167e-154 1.49167e-154 -1.592 2.15773 0.248387 -0.598563 2.15773 -0.598563 2.24056 -1.54027 
1.65 -1.63003 0.251977 18.0786 0.0161752 -2.42577 -0.161752 -4.522 1.17267 0.422464 -0.117267 0 0 
1.66 -1.66756 0.255493 -7.58512 -0.676599 -9.12623 34.2816 -14.4989 -0.567524 -1.66756 0 0.255493 0 
1.67 -1.70457 0.25894 18.4753 0.0171796 -2.4473 -0.171796 -4.58311 1.3005 0.428563 -0.13005 0 0 
1.68 -1.74105 0.262319 3.06679 -0.231134 -3.62165 0.334725 -15.4894 1.21043 -6.7492 30.7805 -12.5356 2.78331 
1.69 -1.777 0.265635 18.8134 0.018197 -2.46513 -0.18197 -4.62449 1.42798 0.432546 -0.142798 0 0 
1.7 -1.8124 0.268891 0 2.122e-314 0 2.78134e-309 2.82177 0 -0.282177 0 -0.0354387 0 
1.71 -1.84723 0.272091 19.068 0.0192568 -2.47729 -0.192568 -4.64036 1.55171 0.433802 -0.155171 0 0 
1.72 -1.8815 0.275237 0 2.122e-314 0 2.78134e-309 2.85158 0 -0.285158 0 -0.0350683 0 
1.73 -1.91518 0.278335 19.2174 0.0203894 -2.48195 -0.203894 -4.62601 1.66799 0.431828 -0.166799 0 0 
1.74 -1.94827 0.281389 1.84514 0 -0.575112 0 -1.49457e-154 1.49167e-154 0.281389 2.78134e-309 -16.8746 2.00457 
1.75 -1.98077 0.284402 6.93463e-310 6.93463e-310 0 0 0 0 0 0 0 0 
1.76 -2.01264 0.287378 19.2092 0.0222928 -2.47191 -0.222928 -4.54142 1.82036 0.422098 -0.182036 0 0 
1.77 -2.0439 0.290323 6.93463e-310 6.93463e-310 0 0 0 0 0 0 0 0 
1.78 -2.07453 0.29324 19.0365 0.0237425 -2.45285 -0.237425 -4.44189 1.9025 0.410942 -0.19025 0 0 
1.79 -2.10452 0.296133 2.80977 0.355902 6.95318e-310 6.95318e-310 0 0 6.95318e-310 6.95318e-310 6.95318e-310 6.95322e-310 
1.8 -2.13385 0.299008 18.7303 0.0253702 -2.42399 -0.253702 -4.30967 1.96624 0.396197 -0.196624 0 0 
1.81 -2.16253 0.301869 2.75339 0.363188 6.95318e-310 6.95318e-310 0 0 6.95318e-310 6.95318e-310 6.95318e-310 6.95322e-310 
1.82 -2.19055 0.30472 -21.8247 1.32465 14.9249 -13.7195 11.8075 7.48707 1.36156 0.286327 0.109455 -3.57664 
1.83 -2.21788 0.307567 2.67949 0.373206 6.95318e-310 6.95318e-310 0 0 6.95318e-310 6.95318e-310 6.95318e-310 6.95322e-310 
1.84 -2.24454 0.310414 -2.24454 1.47511 0.310414 -0.547723 -2.24454 -1.47511 0.310414 0.547723 -2.24454 1.47511 
1.85 -2.2705 0.313267 2.59086 0.385973 6.95318e-310 6.95318e-310 0 0 6.95318e-310 6.95318e-310 6.95318e-310 6.95322e-310 
1.86 -2.29576 0.31613 -2.29576 0.31613 2.54208 0.393379 6.95318e-310 6.95318e-310 0 0 6.95318e-310 6.95318e-310 
1.87 -2.32032 0.319009 2.49095 0.401453 6.95318e-310 6.95318e-310 0 0 6.95318e-310 6.95318e-310 6.95318e-310 6.95322e-310 
1.88 -2.34416 0.321909 16.4437 0.0341014 -2.23618 -0.341014 -3.54848 2.02684 0.310133 -0.202684 0 0 
1.89 -2.36728 0.324834 -2.36728 1.27204 0.324834 -0.531651 -2.36728 -1.27204 0.324834 0.531651 -2.36728 1.27204 
1.9 -2.38967 0.32779 15.7162 0.0368918 -2.18098 -0.368918 -3.33159 1.99976 0.28486 -0.199976 0 0 
1.91 -2.41133 0.330783 4.24462 -0.363113 -2.12875 0.301158 -11.3155 -1.0538 18.1128 -29.7055 21.4044 2.55769 
1.92 -2.43224 0.333815 14.9759 0.0399104 -2.12666 -0.399104 -3.11685 1.96097 0.259331 -0.196097 0 0 
1.93 -2.45241 0.336893 4.31729 -0.385838 -1.97925 0.310111 -8.15565 -1.14728 16.2497 -29.5655 21.0185 1.60026 
1.94 -2.47183 0.340019 14.2455 0.0431254 -2.07493 -0.431254 -2.90951 1.91371 0.234075 -0.191371 0 0 
1.95 -2.49048 0.343197 4.38486 -0.411118 -1.82739 0.320531 -4.9233 -1.00601 13.474 -28.0313 19.6206 0.865932 
1.96 -2.50837 0.34643 13.5445 0.0464878 -2.02706 -0.464878 -2.71382 1.86118 0.209537 -0.186118 0 0 
1.97 -2.52549 0.34972 4.44729 -0.43885 -1.67332 0.331899 -1.72115 -0.627491 9.89058 -25.2072 17.2629 0.402431 
1.98 -2.54184 0.353068 12.8889 0.0499308 -1.98387 -0.499308 -2.53289 1.8064 0.186073 -0.18064 0 0 
1.99 -2.5574 0.356474 6.93463e-310 6.93463e-310 0 0 0 0 0 0 0 0 
